4.01908 50.5 50.5 2 2 3
4.01917 50.4867 50.4867 2 2 3
4.01927 50.4735 50.4735 2 2 3
4.01947 50.447 50.447 2 2 3
4.01986 50.3939 50.3939 2 2 3
4.02065 50.2879 50.2879 2 2 3
4.0219 50.1222 50.1222 2 2 3
4.02315 49.9565 49.9565 2 2 3
4.02441 49.7908 49.7908 2 2 3
4.02568 49.6251 49.6251 2 2 3
4.02696 49.4594 49.4594 2 2 3
4.02825 49.2937 49.2937 2 2 3
4.02955 49.1281 49.1281 2 2 3
4.03086 48.9624 48.9624 2 2 3
4.03218 48.7968 48.7968 2 2 3
4.03351 48.6311 48.6311 2 2 3
4.03485 48.4655 48.4655 2 2 3
4.03619 48.2998 48.2998 2 2 3
4.03755 48.1342 48.1342 2 2 3
4.03892 47.9686 47.9686 2 2 3
4.04029 47.803 47.803 2 2 3
4.04168 47.6374 47.6374 2 2 3
4.04308 47.4718 47.4718 2 2 3
4.04449 47.3062 47.3062 2 2 3
4.04591 47.1406 47.1406 2 2 3
4.04734 46.975 46.975 2 2 3
4.04877 46.8095 46.8095 2 2 3
4.05023 46.6439 46.6439 2 2 3
4.05169 46.4784 46.4784 2 2 3
4.05316 46.3128 46.3128 2 2 3
4.05464 46.1473 46.1473 2 2 3
4.05614 45.9818 45.9818 2 2 3
4.05765 45.8162 45.8162 2 2 3
4.05917 45.6507 45.6507 2 2 3
4.0607 45.4852 45.4852 2 2 3
4.06224 45.3197 45.3197 2 2 3
4.06379 45.1542 45.1542 2 2 3
4.06536 44.9887 44.9887 2 2 3
4.06694 44.8233 44.8233 2 2 3
4.06853 44.6578 44.6578 2 2 3
4.07014 44.4924 44.4924 2 2 3
4.07175 44.3269 44.3269 2 2 3
4.07338 44.1615 44.1615 2 2 3
4.07503 43.996 43.996 2 2 3
4.07668 43.8306 43.8306 2 2 3
4.07835 43.6652 43.6652 2 2 3
4.08004 43.4998 43.4998 2 2 3
4.08173 43.3344 43.3344 2 2 3
4.08344 43.169 43.169 2 2 3
4.08517 43.0036 43.0036 2 2 3
4.08691 42.8383 42.8383 2 2 3
4.08866 42.6729 42.6729 2 2 3
4.09043 42.5076 42.5076 2 2 3
4.09222 42.3422 42.3422 2 2 3
4.09401 42.1769 42.1769 2 2 3
4.09583 42.0116 42.0116 2 2 3
4.09766 41.8462 41.8462 2 2 3
4.0995 41.6809 41.6809 2 2 3
4.10136 41.5156 41.5156 2 2 3
4.10324 41.3504 41.3504 2 2 3
4.10513 41.1851 41.1851 2 2 3
4.10704 41.0198 41.0198 2 2 3
4.10897 40.8546 40.8546 2 2 3
4.11091 40.6893 40.6893 2 2 3
4.11287 40.5241 40.5241 2 2 3
4.11484 40.3588 40.3588 2 2 3
4.11684 40.1936 40.1936 2 2 3
4.11885 40.0284 40.0284 2 2 3
4.12088 39.8632 39.8632 2 2 3
4.12293 39.698 39.698 2 2 3
4.125 39.5329 39.5329 2 2 3
4.12708 39.3677 39.3677 2 2 3
4.12919 39.2025 39.2025 2 2 3
4.13131 39.0374 39.0374 2 2 3
4.13345 38.8723 38.8723 2 2 3
4.13562 38.7071 38.7071 2 2 3
4.1378 38.542 38.542 2 2 3
4.14 38.3769 38.3769 2 2 3
4.14223 38.2118 38.2118 2 2 3
4.14447 38.0468 38.0468 2 2 3
4.14674 37.8817 37.8817 2 2 3
4.14902 37.7167 37.7167 2 2 3
4.15133 37.5516 37.5516 2 2 3
4.15367 37.3866 37.3866 2 2 3
4.15602 37.2216 37.2216 2 2 3
4.1584 37.0566 37.0566 2 2 3
4.1608 36.8916 36.8916 2 2 3
4.16322 36.7266 36.7266 2 2 3
4.16567 36.5616 36.5616 2 2 3
4.16814 36.3966 36.3966 2 2 3
4.17063 36.2317 36.2317 2 2 3
4.17315 36.0668 36.0668 2 2 3
4.1757 35.9018 35.9018 2 2 3
4.17827 35.7369 35.7369 2 2 3
4.18087 35.572 35.572 2 2 3
4.18349 35.4072 35.4072 2 2 3
4.18614 35.2423 35.2423 2 2 3
4.18882 35.0774 35.0774 2 2 3
4.19152 34.9126 34.9126 2 2 3
4.19426 34.7478 34.7478 2 2 3
4.19702 34.583 34.583 2 2 3
4.19981 34.4182 34.4182 2 2 3
4.20263 34.2534 34.2534 2 2 3
4.20548 34.0886 34.0886 2 2 3
4.20836 33.9238 33.9238 2 2 3
4.21127 33.7591 33.7591 2 2 3
4.21421 33.5944 33.5944 2 2 3
4.21719 33.4297 33.4297 2 2 3
4.22019 33.265 33.265 2 2 3
4.22323 33.1003 33.1003 2 2 3
4.22631 32.9356 32.9356 2 2 3
4.22941 32.7709 32.7709 2 2 3
4.23255 32.6063 32.6063 2 2 3
4.23573 32.4417 32.4417 2 2 3
4.23894 32.2771 32.2771 2 2 3
4.24219 32.1125 32.1125 2 2 3
4.24548 31.9479 31.9479 2 2 3
4.2488 31.7833 31.7833 2 2 3
4.25216 31.6188 31.6188 2 2 3
4.25556 31.4543 31.4543 2 2 3
4.259 31.2898 31.2898 2 2 3
4.26248 31.1253 31.1253 2 2 3
4.266 30.9608 30.9608 2 2 3
4.26956 30.7963 30.7963 2 2 3
4.27316 30.6319 30.6319 2 2 3
4.27681 30.4675 30.4675 2 2 3
4.2805 30.3031 30.3031 2 2 3
4.28424 30.1387 30.1387 2 2 3
4.28802 29.9743 29.9743 2 2 3
4.29185 29.81 29.81 2 2 3
4.29573 29.6456 29.6456 2 2 3
4.29965 29.4813 29.4813 2 2 3
4.30362 29.317 29.317 2 2 3
4.30765 29.1527 29.1527 2 2 3
4.31172 28.9885 28.9885 2 2 3
4.31584 28.8242 28.8242 2 2 3
4.32002 28.66 28.66 2 2 3
4.32425 28.4958 28.4958 2 2 3
4.32854 28.3317 28.3317 2 2 3
4.33288 28.1675 28.1675 2 2 3
4.33728 28.0034 28.0034 2 2 3
4.34174 27.8392 27.8392 2 2 3
4.34626 27.6752 27.6752 2 2 3
4.35084 27.5111 27.5111 2 2 3
4.35548 27.347 27.347 2 2 3
4.36018 27.183 27.183 2 2 3
4.36495 27.019 27.019 2 2 3
4.36978 26.855 26.855 2 2 3
4.37468 26.6911 26.6911 2 2 3
4.37965 26.5271 26.5271 2 2 3
4.38469 26.3632 26.3632 2 2 3
4.3898 26.1993 26.1993 2 2 3
4.39498 26.0355 26.0355 2 2 3
4.40024 25.8716 25.8716 2 2 3
4.40558 25.7078 25.7078 2 2 3
4.41099 25.544 25.544 2 2 3
4.41648 25.3803 25.3803 2 2 3
4.42205 25.2165 25.2165 2 2 3
4.42771 25.0528 25.0528 2 2 3
4.43345 24.8891 24.8891 2 2 3
4.43927 24.7255 24.7255 2 2 3
4.44519 24.5618 24.5618 2 2 3
4.4512 24.3982 24.3982 2 2 3
4.4573 24.2346 24.2346 2 2 3
4.46349 24.0711 24.0711 2 2 3
4.46978 23.9076 23.9076 2 2 3
4.47618 23.7441 23.7441 2 2 3
4.48267 23.5806 23.5806 2 2 3
4.48927 23.4172 23.4172 2 2 3
4.49598 23.2538 23.2538 2 2 3
4.50279 23.0904 23.0904 2 2 3
4.50972 22.9271 22.9271 2 2 3
4.51677 22.7638 22.7638 2 2 3
4.52393 22.6005 22.6005 2 2 3
4.53121 22.4373 22.4373 2 2 3
4.53862 22.2741 22.2741 2 2 3
4.54616 22.1109 22.1109 2 2 3
4.55383 21.9477 21.9477 2 2 3
4.56163 21.7846 21.7846 2 2 3
4.56957 21.6216 21.6216 2 2 3
4.57765 21.4585 21.4585 2 2 3
4.58587 21.2955 21.2955 2 2 3
4.59425 21.1326 21.1326 2 2 3
4.60278 20.9696 20.9696 2 2 3
4.61146 20.8067 20.8067 2 2 3
4.62031 20.6439 20.6439 2 2 3
4.62933 20.4811 20.4811 2 2 3
4.63852 20.3183 20.3183 2 2 3
4.64788 20.1556 20.1556 2 2 3
4.65743 19.9929 19.9929 2 2 3
4.66716 19.8303 19.8303 2 2 3
4.67709 19.6677 19.6677 2 2 3
4.68721 19.5051 19.5051 2 2 3
4.69754 19.3426 19.3426 2 2 3
4.70808 19.1801 19.1801 2 2 3
4.71884 19.0177 19.0177 2 2 3
4.72982 18.8553 18.8553 2 2 3
4.74103 18.693 18.693 2 2 3
4.75248 18.5307 18.5307 2 2 3
4.76418 18.3685 18.3685 2 2 3
4.77613 18.2063 18.2063 2 2 3
4.78834 18.0442 18.0442 2 2 3
4.80083 17.8821 17.8821 2 2 3
4.8136 17.72 17.72 2 2 3
4.82665 17.5581 17.5581 2 2 3
4.84001 17.3962 17.3962 2 2 3
4.85368 17.2343 17.2343 2 2 3
4.86767 17.0725 17.0725 2 2 3
4.88199 16.9108 16.9108 2 2 3
4.89667 16.7491 16.7491 2 2 3
4.91169 16.5875 16.5875 2 2 3
4.9271 16.4259 16.4259 2 2 3
4.94288 16.2644 16.2644 2 2 3
4.95907 16.103 16.103 2 2 3
4.97568 15.9416 15.9416 2 2 3
4.99271 15.7803 15.7803 2 2 3
5.0102 15.6191 15.6191 2 2 3
5.02816 15.4579 15.4579 2 2 3
5.0466 15.2969 15.2969 2 2 3
5.06556 15.1359 15.1359 2 2 3
5.08504 14.9749 14.9749 2 2 3
5.10507 14.8141 14.8141 2 2 3
5.12568 14.6533 14.6533 2 2 3
5.14689 14.4927 14.4927 2 2 3
5.16936 14.3321 14.3321 2 2 3
5.19189 14.1716 14.1716 2 2 3
5.21511 14.0112 14.0112 2 2 3
5.23904 13.8509 13.8509 2 2 3
5.26374 13.6907 13.6907 2 2 3
5.28923 13.5306 13.5306 2 2 3
5.31555 13.3705 13.3705 2 2 3
5.34275 13.2106 13.2106 2 2 3
5.37086 13.0508 13.0508 2 2 3
5.39995 12.8911 12.8911 2 2 3
5.43005 12.7315 12.7315 2 2 3
5.46124 12.5721 12.5721 2 2 3
5.49355 12.4127 12.4127 2 2 3
5.52707 12.2535 12.2535 2 2 3
5.56186 12.0945 12.0945 2 2 3
5.59799 11.9355 11.9355 2 2 3
5.63554 11.7768 11.7768 2 2 3
5.67461 11.6181 11.6181 2 2 3
5.71528 11.4597 11.4597 2 2 3
5.75767 11.3014 11.3014 2 2 3
5.80188 11.1432 11.1432 2 2 3
5.84803 10.9853 10.9853 2 2 3
5.89627 10.8275 10.8275 2 2 3
5.94674 10.67 10.67 2 2 3
5.99959 10.5127 10.5127 2 2 3
6.05502 10.3556 10.3556 2 2 3
6.11321 10.1988 10.1988 2 2 3
6.17439 10.0422 10.0422 2 2 3
6.23879 9.88589 9.88589 2 2 3
6.30669 9.7299 9.7299 2 2 3
6.37838 9.57426 9.57426 2 2 3
6.4542 9.41897 9.41897 2 2 3
6.53453 9.26409 9.26409 2 2 3
6.61981 9.10965 9.10965 2 2 3
6.71047 8.9557 8.9557 2 2 3
6.80712 8.80229 8.80229 2 2 3
6.91033 8.6495 8.6495 2 2 3
7.02083 8.49742 8.49742 2 2 3
7.13941 8.34613 8.34613 2 2 3
7.26701 8.19578 8.19578 2 2 3
7.4047 8.0465 8.0465 2 2 3
7.55373 7.8985 7.8985 2 2 3
7.71543 7.75202 7.75202 2 2 3
7.89151 7.60736 7.60736 2 2 3
8.08376 7.46491 7.46491 2 2 3
8.29422 7.32516 7.32516 2 2 3
8.5252 7.18875 7.18875 2 2 3
8.77909 7.05647 7.05647 2 2 3
9.0583 6.92929 6.92929 2 2 3
9.36505 6.80841 6.80841 2 2 3
9.70102 6.69522 6.69522 2 2 3
10.0653 6.59146 6.59146 2 2 3
4.01908 50.5 50.5 2 2 3
4.01898 50.5133 50.5133 2 2 3
4.01888 50.5265 50.5265 2 2 3
4.01868 50.553 50.553 2 2 3
4.01829 50.6061 50.6061 2 2 3
4.0175 50.7121 50.7121 2 2 3
4.01629 50.8779 50.8779 2 2 3
4.01508 51.0436 51.0436 2 2 3
4.01388 51.2093 51.2093 2 2 3
4.01269 51.3751 51.3751 2 2 3
4.01151 51.5408 51.5408 2 2 3
4.01033 51.7066 51.7066 2 2 3
4.00917 51.8724 51.8724 2 2 3
4.00801 52.0381 52.0381 2 2 3
4.00686 52.2039 52.2039 2 2 3
4.00571 52.3697 52.3697 2 2 3
4.00458 52.5355 52.5355 2 2 3
4.00345 52.7013 52.7013 2 2 3
4.00233 52.8671 52.8671 2 2 3
4.00122 53.0329 53.0329 2 2 3
4.00011 53.1987 53.1987 2 2 3
3.99901 53.3645 53.3645 2 2 3
3.99792 53.5304 53.5304 2 2 3
3.99684 53.6962 53.6962 2 2 3
3.99576 53.862 53.862 2 2 3
3.99469 54.0279 54.0279 2 2 3
3.99363 54.1937 54.1937 2 2 3
3.99257 54.3596 54.3596 2 2 3
3.99152 54.5255 54.5255 2 2 3
3.99048 54.6913 54.6913 2 2 3
3.98945 54.8572 54.8572 2 2 3
3.98842 55.0231 55.0231 2 2 3
3.98739 55.189 55.189 2 2 3
3.98638 55.3549 55.3549 2 2 3
3.98537 55.5207 55.5207 2 2 3
3.98436 55.6866 55.6866 2 2 3
3.98336 55.8526 55.8526 2 2 3
3.98237 56.0185 56.0185 2 2 3
3.98139 56.1844 56.1844 2 2 3
3.98041 56.3503 56.3503 2 2 3
3.97944 56.5162 56.5162 2 2 3
3.97847 56.6822 56.6822 2 2 3
3.97751 56.8481 56.8481 2 2 3
3.97655 57.014 57.014 2 2 3
3.9756 57.18 57.18 2 2 3
3.97466 57.3459 57.3459 2 2 3
3.97372 57.5119 57.5119 2 2 3
3.97279 57.6779 57.6779 2 2 3
3.97186 57.8438 57.8438 2 2 3
3.97094 58.0098 58.0098 2 2 3
3.97003 58.1758 58.1758 2 2 3
3.96912 58.3418 58.3418 2 2 3
3.96821 58.5077 58.5077 2 2 3
3.96731 58.6737 58.6737 2 2 3
3.96642 58.8397 58.8397 2 2 3
3.96553 59.0057 59.0057 2 2 3
3.96465 59.1717 59.1717 2 2 3
3.96377 59.3377 59.3377 2 2 3
3.9629 59.5038 59.5038 2 2 3
3.96203 59.6698 59.6698 2 2 3
3.96117 59.8358 59.8358 2 2 3
3.96031 60.0018 60.0018 2 2 3
3.95946 60.1679 60.1679 2 2 3
3.95861 60.3339 60.3339 2 2 3
3.95777 60.4999 60.4999 2 2 3
3.95693 60.666 60.666 2 2 3
3.95609 60.832 60.832 2 2 3
3.95526 60.9981 60.9981 2 2 3
3.95444 61.1642 61.1642 2 2 3
3.95362 61.3302 61.3302 2 2 3
3.95281 61.4963 61.4963 2 2 3
3.952 61.6624 61.6624 2 2 3
3.95119 61.8285 61.8285 2 2 3
3.95039 61.9945 61.9945 2 2 3
3.94959 62.1606 62.1606 2 2 3
3.9488 62.3267 62.3267 2 2 3
3.94801 62.4928 62.4928 2 2 3
3.94723 62.6589 62.6589 2 2 3
3.94645 62.825 62.825 2 2 3
3.94568 62.9911 62.9911 2 2 3
3.94491 63.1572 63.1572 2 2 3
3.94414 63.3233 63.3233 2 2 3
3.94338 63.4895 63.4895 2 2 3
3.94262 63.6556 63.6556 2 2 3
3.94187 63.8217 63.8217 2 2 3
3.94112 63.9879 63.9879 2 2 3
3.94037 64.154 64.154 2 2 3
3.93963 64.3201 64.3201 2 2 3
3.93889 64.4863 64.4863 2 2 3
3.93816 64.6524 64.6524 2 2 3
3.93743 64.8186 64.8186 2 2 3
3.9367 64.9847 64.9847 2 2 3
3.93598 65.1509 65.1509 2 2 3
3.93526 65.3171 65.3171 2 2 3
3.93455 65.4832 65.4832 2 2 3
3.93384 65.6494 65.6494 2 2 3
3.93313 65.8156 65.8156 2 2 3
3.93243 65.9818 65.9818 2 2 3
3.93173 66.1479 66.1479 2 2 3
3.93104 66.3141 66.3141 2 2 3
3.93034 66.4803 66.4803 2 2 3
3.92965 66.6465 66.6465 2 2 3
3.92897 66.8127 66.8127 2 2 3
3.92829 66.9789 66.9789 2 2 3
3.92761 67.1451 67.1451 2 2 3
3.92694 67.3113 67.3113 2 2 3
3.92627 67.4775 67.4775 2 2 3
3.9256 67.6438 67.6438 2 2 3
3.92493 67.81 67.81 2 2 3
3.92427 67.9762 67.9762 2 2 3
3.92362 68.1424 68.1424 2 2 3
3.92296 68.3087 68.3087 2 2 3
3.92231 68.4749 68.4749 2 2 3
3.92166 68.6411 68.6411 2 2 3
3.92102 68.8074 68.8074 2 2 3
3.92038 68.9736 68.9736 2 2 3
3.91974 69.1399 69.1399 2 2 3
3.91911 69.3061 69.3061 2 2 3
3.91848 69.4724 69.4724 2 2 3
3.91785 69.6387 69.6387 2 2 3
3.91722 69.8049 69.8049 2 2 3
3.9166 69.9712 69.9712 2 2 3
3.91598 70.1374 70.1374 2 2 3
3.91537 70.3037 70.3037 2 2 3
3.91475 70.47 70.47 2 2 3
3.91414 70.6363 70.6363 2 2 3
3.91354 70.8026 70.8026 2 2 3
3.91293 70.9688 70.9688 2 2 3
3.91233 71.1351 71.1351 2 2 3
3.91174 71.3014 71.3014 2 2 3
3.91114 71.4677 71.4677 2 2 3
3.91055 71.634 71.634 2 2 3
3.90996 71.8003 71.8003 2 2 3
3.90937 71.9666 71.9666 2 2 3
3.90879 72.1329 72.1329 2 2 3
3.90821 72.2993 72.2993 2 2 3
3.90763 72.4656 72.4656 2 2 3
3.90705 72.6319 72.6319 2 2 3
3.90648 72.7982 72.7982 2 2 3
3.90591 72.9645 72.9645 2 2 3
3.90534 73.1309 73.1309 2 2 3
3.90478 73.2972 73.2972 2 2 3
3.90422 73.4635 73.4635 2 2 3
3.90366 73.6299 73.6299 2 2 3
3.9031 73.7962 73.7962 2 2 3
3.90255 73.9626 73.9626 2 2 3
3.902 74.1289 74.1289 2 2 3
3.90145 74.2952 74.2952 2 2 3
3.9009 74.4616 74.4616 2 2 3
3.90036 74.628 74.628 2 2 3
3.89982 74.7943 74.7943 2 2 3
3.89928 74.9607 74.9607 2 2 3
3.89874 75.127 75.127 2 2 3
3.89821 75.2934 75.2934 2 2 3
3.89768 75.4598 75.4598 2 2 3
3.89715 75.6261 75.6261 2 2 3
3.89662 75.7925 75.7925 2 2 3
3.8961 75.9589 75.9589 2 2 3
3.89557 76.1253 76.1253 2 2 3
3.89505 76.2917 76.2917 2 2 3
3.89454 76.4581 76.4581 2 2 3
3.89402 76.6244 76.6244 2 2 3
3.89351 76.7908 76.7908 2 2 3
3.893 76.9572 76.9572 2 2 3
3.89249 77.1236 77.1236 2 2 3
3.89199 77.29 77.29 2 2 3
3.89148 77.4564 77.4564 2 2 3
3.89098 77.6228 77.6228 2 2 3
3.89048 77.7893 77.7893 2 2 3
3.88999 77.9557 77.9557 2 2 3
3.88949 78.1221 78.1221 2 2 3
3.889 78.2885 78.2885 2 2 3
3.88851 78.4549 78.4549 2 2 3
3.88802 78.6213 78.6213 2 2 3
3.88753 78.7878 78.7878 2 2 3
3.88705 78.9542 78.9542 2 2 3
3.88657 79.1206 79.1206 2 2 3
3.88609 79.2871 79.2871 2 2 3
3.88561 79.4535 79.4535 2 2 3
3.88514 79.6199 79.6199 2 2 3
3.88466 79.7864 79.7864 2 2 3
3.88419 79.9528 79.9528 2 2 3
3.88372 80.1193 80.1193 2 2 3
3.88326 80.2857 80.2857 2 2 3
3.88279 80.4522 80.4522 2 2 3
3.88233 80.6186 80.6186 2 2 3
3.88187 80.7851 80.7851 2 2 3
3.88141 80.9515 80.9515 2 2 3
3.88095 81.118 81.118 2 2 3
3.88049 81.2845 81.2845 2 2 3
3.88004 81.4509 81.4509 2 2 3
3.87959 81.6174 81.6174 2 2 3
3.87914 81.7839 81.7839 2 2 3
3.87869 81.9504 81.9504 2 2 3
3.87824 82.1168 82.1168 2 2 3
3.8778 82.2833 82.2833 2 2 3
3.87736 82.4498 82.4498 2 2 3
3.87692 82.6163 82.6163 2 2 3
3.87648 82.7828 82.7828 2 2 3
3.87604 82.9493 82.9493 2 2 3
3.87561 83.1157 83.1157 2 2 3
3.87517 83.2822 83.2822 2 2 3
3.87474 83.4487 83.4487 2 2 3
3.87431 83.6152 83.6152 2 2 3
3.87389 83.7817 83.7817 2 2 3
3.87346 83.9482 83.9482 2 2 3
3.87304 84.1147 84.1147 2 2 3
3.87261 84.2813 84.2813 2 2 3
3.87219 84.4478 84.4478 2 2 3
3.87177 84.6143 84.6143 2 2 3
3.87136 84.7808 84.7808 2 2 3
3.87094 84.9473 84.9473 2 2 3
3.87053 85.1138 85.1138 2 2 3
3.87011 85.2804 85.2804 2 2 3
3.8697 85.4469 85.4469 2 2 3
3.86929 85.6134 85.6134 2 2 3
3.86889 85.7799 85.7799 2 2 3
3.86848 85.9465 85.9465 2 2 3
3.86808 86.113 86.113 2 2 3
3.86767 86.2795 86.2795 2 2 3
3.86727 86.4461 86.4461 2 2 3
3.86687 86.6126 86.6126 2 2 3
3.86647 86.7792 86.7792 2 2 3
3.86608 86.9457 86.9457 2 2 3
3.86568 87.1122 87.1122 2 2 3
3.86529 87.2788 87.2788 2 2 3
3.8649 87.4453 87.4453 2 2 3
3.86451 87.6119 87.6119 2 2 3
3.86412 87.7785 87.7785 2 2 3
3.86373 87.945 87.945 2 2 3
3.86335 88.1116 88.1116 2 2 3
3.86296 88.2781 88.2781 2 2 3
3.86258 88.4447 88.4447 2 2 3
3.8622 88.6113 88.6113 2 2 3
3.86182 88.7778 88.7778 2 2 3
3.86144 88.9444 88.9444 2 2 3
3.86107 89.111 89.111 2 2 3
3.86069 89.2776 89.2776 2 2 3
3.86032 89.4441 89.4441 2 2 3
3.85995 89.6107 89.6107 2 2 3
3.85957 89.7773 89.7773 2 2 3
3.8592 89.9439 89.9439 2 2 3
3.85884 90.1105 90.1105 2 2 3
3.85847 90.277 90.277 2 2 3
3.8581 90.4436 90.4436 2 2 3
3.85774 90.6102 90.6102 2 2 3
3.85738 90.7768 90.7768 2 2 3
3.85702 90.9434 90.9434 2 2 3
3.85666 91.11 91.11 2 2 3
3.8563 91.2766 91.2766 2 2 3
3.85594 91.4432 91.4432 2 2 3
3.85559 91.6098 91.6098 2 2 3
3.85523 91.7764 91.7764 2 2 3
3.85488 91.943 91.943 2 2 3
3.85453 92.1096 92.1096 2 2 3
3.85418 92.2762 92.2762 2 2 3
3.85383 92.4429 92.4429 2 2 3
3.85348 92.6095 92.6095 2 2 3
3.85313 92.7761 92.7761 2 2 3
3.85279 92.9427 92.9427 2 2 3
3.85244 93.1093 93.1093 2 2 3
3.8521 93.2759 93.2759 2 2 3
3.85176 93.4426 93.4426 2 2 3
3.85142 93.6092 93.6092 2 2 3
3.85108 93.7758 93.7758 2 2 3
3.85074 93.9425 93.9425 2 2 3
3.85041 94.1091 94.1091 2 2 3
3.85007 94.2757 94.2757 2 2 3
3.84974 94.4424 94.4424 2 2 3
3.8494 94.609 94.609 2 2 3
3.84907 94.7756 94.7756 2 2 3
3.84874 94.9423 94.9423 2 2 3
3.84841 95.1089 95.1089 2 2 3
3.84808 95.2756 95.2756 2 2 3
3.84776 95.4422 95.4422 2 2 3
3.84743 95.6089 95.6089 2 2 3
3.84711 95.7755 95.7755 2 2 3
3.84678 95.9422 95.9422 2 2 3
3.84646 96.1088 96.1088 2 2 3
3.84614 96.2755 96.2755 2 2 3
3.84582 96.4421 96.4421 2 2 3
3.8455 96.6088 96.6088 2 2 3
3.84518 96.7755 96.7755 2 2 3
3.84487 96.9421 96.9421 2 2 3
3.84455 97.1088 97.1088 2 2 3
3.84424 97.2754 97.2754 2 2 3
3.84393 97.4421 97.4421 2 2 3
3.84361 97.6088 97.6088 2 2 3
3.8433 97.7755 97.7755 2 2 3
3.84299 97.9421 97.9421 2 2 3
3.84268 98.1088 98.1088 2 2 3
3.84238 98.2755 98.2755 2 2 3
3.84207 98.4422 98.4422 2 2 3
3.84176 98.6088 98.6088 2 2 3
3.84146 98.7755 98.7755 2 2 3
3.84115 98.9422 98.9422 2 2 3
3.84085 99.1089 99.1089 2 2 3
3.84055 99.2756 99.2756 2 2 3
3.84025 99.4423 99.4423 2 2 3
3.83995 99.609 99.609 2 2 3
3.83965 99.7756 99.7756 2 2 3
3.83936 99.9423 99.9423 2 2 3
3.83906 100.109 100.109 2 2 3
3.83876 100.276 100.276 2 2 3
3.83847 100.442 100.442 2 2 3
3.83818 100.609 100.609 2 2 3
3.83788 100.776 100.776 2 2 3
3.83759 100.943 100.943 2 2 3
3.8373 101.109 101.109 2 2 3
3.83701 101.276 101.276 2 2 3
3.83672 101.443 101.443 2 2 3
3.83644 101.609 101.609 2 2 3
3.83615 101.776 101.776 2 2 3
3.83587 101.943 101.943 2 2 3
3.83558 102.11 102.11 2 2 3
3.8353 102.276 102.276 2 2 3
3.83502 102.443 102.443 2 2 3
3.83473 102.61 102.61 2 2 3
3.83445 102.776 102.776 2 2 3
3.83417 102.943 102.943 2 2 3
3.83389 103.11 103.11 2 2 3
3.83362 103.277 103.277 2 2 3
3.83334 103.443 103.443 2 2 3
3.83306 103.61 103.61 2 2 3
3.83279 103.777 103.777 2 2 3
3.83251 103.943 103.943 2 2 3
3.83224 104.11 104.11 2 2 3
3.83197 104.277 104.277 2 2 3
3.8317 104.444 104.444 2 2 3
3.83143 104.61 104.61 2 2 3
3.83116 104.777 104.777 2 2 3
3.83089 104.944 104.944 2 2 3
3.83062 105.111 105.111 2 2 3
3.83035 105.277 105.277 2 2 3
3.83009 105.444 105.444 2 2 3
3.82982 105.611 105.611 2 2 3
3.82956 105.778 105.778 2 2 3
3.82929 105.944 105.944 2 2 3
3.82903 106.111 106.111 2 2 3
3.82877 106.278 106.278 2 2 3
3.82851 106.445 106.445 2 2 3
3.82825 106.611 106.611 2 2 3
3.82799 106.778 106.778 2 2 3
3.82773 106.945 106.945 2 2 3
3.82747 107.112 107.112 2 2 3
3.82721 107.278 107.278 2 2 3
3.82696 107.445 107.445 2 2 3
3.8267 107.612 107.612 2 2 3
3.82645 107.779 107.779 2 2 3
3.82619 107.945 107.945 2 2 3
3.82594 108.112 108.112 2 2 3
3.82569 108.279 108.279 2 2 3
3.82544 108.446 108.446 2 2 3
3.82519 108.613 108.613 2 2 3
3.82494 108.779 108.779 2 2 3
3.82469 108.946 108.946 2 2 3
3.82444 109.113 109.113 2 2 3
3.82419 109.28 109.28 2 2 3
3.82394 109.446 109.446 2 2 3
3.8237 109.613 109.613 2 2 3
3.82345 109.78 109.78 2 2 3
3.82321 109.947 109.947 2 2 3
3.82297 110.114 110.114 2 2 3
3.82272 110.28 110.28 2 2 3
3.82248 110.447 110.447 2 2 3
3.82224 110.614 110.614 2 2 3
3.822 110.781 110.781 2 2 3
3.82176 110.948 110.948 2 2 3
3.82152 111.114 111.114 2 2 3
3.82128 111.281 111.281 2 2 3
3.82104 111.448 111.448 2 2 3
3.82081 111.615 111.615 2 2 3
3.82057 111.782 111.782 2 2 3
3.82033 111.948 111.948 2 2 3
3.8201 112.115 112.115 2 2 3
3.81987 112.282 112.282 2 2 3
3.81963 112.449 112.449 2 2 3
3.8194 112.616 112.616 2 2 3
3.81917 112.782 112.782 2 2 3
3.81894 112.949 112.949 2 2 3
3.81871 113.116 113.116 2 2 3
3.81848 113.283 113.283 2 2 3
3.81825 113.45 113.45 2 2 3
3.81802 113.616 113.616 2 2 3
3.81779 113.783 113.783 2 2 3
3.81756 113.95 113.95 2 2 3
3.81734 114.117 114.117 2 2 3
3.81711 114.284 114.284 2 2 3
3.81689 114.45 114.45 2 2 3
3.81666 114.617 114.617 2 2 3
3.81644 114.784 114.784 2 2 3
3.81621 114.951 114.951 2 2 3
3.81599 115.118 115.118 2 2 3
3.81577 115.285 115.285 2 2 3
3.81555 115.451 115.451 2 2 3
3.81533 115.618 115.618 2 2 3
3.81511 115.785 115.785 2 2 3
3.81489 115.952 115.952 2 2 3
3.81467 116.119 116.119 2 2 3
3.81445 116.286 116.286 2 2 3
10.0653 6.59146 6.59146 2 2 3
10.0653 6.59146 6.59146 2 2 3
10.0957 6.58355 6.58355 2 2 3
10.1263 6.5757 6.5757 2 2 3
10.1878 6.56011 6.56011 2 2 3
10.3143 6.53026 6.53026 2 2 3
10.5086 6.48736 6.48736 2 2 3
10.8115 6.42801 6.42801 2 2 3
11.2514 6.35625 6.35625 2 2 3
11.7112 6.29668 6.29668 2 2 3
12.1858 6.24904 6.24904 2 2 3
12.6723 6.21239 6.21239 2 2 3
13.1643 6.18604 6.18604 2 2 3
13.6608 6.16888 6.16888 2 2 3
14.1597 6.15979 6.15979 2 2 3
14.6594 6.15728 6.15728 2 2 3
15.1591 6.16084 6.16084 2 2 3
15.6581 6.16973 6.16973 2 2 3
16.156 6.18325 6.18325 2 2 3
16.6525 6.20069 6.20069 2 2 3
17.1476 6.22173 6.22173 2 2 3
17.6412 6.24574 6.24574 2 2 3
18.1333 6.27252 6.27252 2 2 3
18.6239 6.30177 6.30177 2 2 3
19.113 6.33316 6.33316 2 2 3
19.6008 6.36646 6.36646 2 2 3
20.0873 6.40151 6.40151 2 2 3
20.5725 6.43814 6.43814 2 2 3
21.0566 6.47618 6.47618 2 2 3
21.5395 6.51553 6.51553 2 2 3
22.0215 6.55603 6.55603 2 2 3
22.5024 6.59762 6.59762 2 2 3
22.9825 6.64018 6.64018 2 2 3
23.4618 6.68364 6.68364 2 2 3
23.9403 6.72794 6.72794 2 2 3
24.418 6.77301 6.77301 2 2 3
24.895 6.81877 6.81877 2 2 3
25.3714 6.8652 6.8652 2 2 3
25.8478 6.91162 6.91162 2 2 3
26.323 6.95926 6.95926 2 2 3
26.7976 7.00745 7.00745 2 2 3
27.2718 7.05608 7.05608 2 2 3
27.7455 7.10519 7.10519 2 2 3
28.2187 7.15474 7.15474 2 2 3
28.6916 7.20468 7.20468 2 2 3
29.164 7.25501 7.25501 2 2 3
29.6361 7.30568 7.30568 2 2 3
30.1078 7.35669 7.35669 2 2 3
30.5793 7.40801 7.40801 2 2 3
31.0504 7.45964 7.45964 2 2 3
31.5212 7.51154 7.51154 2 2 3
31.9917 7.56371 7.56371 2 2 3
32.462 7.61613 7.61613 2 2 3
32.9321 7.66879 7.66879 2 2 3
33.4019 7.72168 7.72168 2 2 3
33.8715 7.77477 7.77477 2 2 3
34.3409 7.82808 7.82808 2 2 3
34.8102 7.88157 7.88157 2 2 3
35.2792 7.93527 7.93527 2 2 3
35.748 7.98912 7.98912 2 2 3
36.2167 8.04314 8.04314 2 2 3
36.6852 8.09734 8.09734 2 2 3
37.1536 8.15168 8.15168 2 2 3
37.6219 8.20617 8.20617 2 2 3
38.09 8.26079 8.26079 2 2 3
38.558 8.31555 8.31555 2 2 3
39.0258 8.37044 8.37044 2 2 3
39.4936 8.42545 8.42545 2 2 3
39.9612 8.48058 8.48058 2 2 3
40.4288 8.53582 8.53582 2 2 3
40.8962 8.59117 8.59117 2 2 3
41.3635 8.64662 8.64662 2 2 3
41.8308 8.70217 8.70217 2 2 3
42.298 8.75782 8.75782 2 2 3
42.7651 8.81357 8.81357 2 2 3
43.2321 8.8694 8.8694 2 2 3
43.699 8.92531 8.92531 2 2 3
44.1659 8.98131 8.98131 2 2 3
44.6327 9.03738 9.03738 2 2 3
45.0995 9.09354 9.09354 2 2 3
45.5661 9.14976 9.14976 2 2 3
46.0328 9.20606 9.20606 2 2 3
46.4994 9.26242 9.26242 2 2 3
46.9659 9.31886 9.31886 2 2 3
47.4324 9.37535 9.37535 2 2 3
47.8988 9.43191 9.43191 2 2 3
48.3652 9.48852 9.48852 2 2 3
48.8315 9.5452 9.5452 2 2 3
49.2978 9.60193 9.60193 2 2 3
49.7641 9.65871 9.65871 2 2 3
50.2303 9.71555 9.71555 2 2 3
50.6965 9.77243 9.77243 2 2 3
51.1626 9.82937 9.82937 2 2 3
51.6288 9.88635 9.88635 2 2 3
52.0949 9.94338 9.94338 2 2 3
52.5609 10.0005 10.0005 2 2 3
53.027 10.0576 10.0576 2 2 3
53.493 10.1147 10.1147 2 2 3
53.959 10.1719 10.1719 2 2 3
54.4249 10.2292 10.2292 2 2 3
54.8909 10.2864 10.2864 2 2 3
55.3568 10.3438 10.3438 2 2 3
55.8227 10.4011 10.4011 2 2 3
56.2886 10.4585 10.4585 2 2 3
56.7545 10.5159 10.5159 2 2 3
57.2203 10.5734 10.5734 2 2 3
57.6861 10.6309 10.6309 2 2 3
58.152 10.6884 10.6884 2 2 3
58.6178 10.7459 10.7459 2 2 3
59.0835 10.8035 10.8035 2 2 3
59.5493 10.8611 10.8611 2 2 3
60.0151 10.9187 10.9187 2 2 3
60.4808 10.9764 10.9764 2 2 3
60.9466 11.0341 11.0341 2 2 3
61.4123 11.0918 11.0918 2 2 3
61.878 11.1495 11.1495 2 2 3
62.3437 11.2073 11.2073 2 2 3
62.8094 11.2651 11.2651 2 2 3
63.2751 11.3229 11.3229 2 2 3
63.7408 11.3807 11.3807 2 2 3
64.2065 11.4386 11.4386 2 2 3
64.6722 11.4965 11.4965 2 2 3
65.1378 11.5544 11.5544 2 2 3
65.6035 11.6123 11.6123 2 2 3
66.0691 11.6702 11.6702 2 2 3
66.5348 11.7282 11.7282 2 2 3
67.0004 11.7862 11.7862 2 2 3
67.4661 11.8442 11.8442 2 2 3
67.9317 11.9022 11.9022 2 2 3
68.3973 11.9602 11.9602 2 2 3
68.863 12.0183 12.0183 2 2 3
69.3286 12.0763 12.0763 2 2 3
69.7942 12.1344 12.1344 2 2 3
70.2598 12.1925 12.1925 2 2 3
4.00836 12.1925 12.1925 2 3 4
4.00836 12.1925 12.1925 2 3 4
4.00836 12.1925 12.1925 2 3 4
4.00836 12.1925 12.1925 2 3 4
4.00836 12.1925 12.1925 2 3 4
4.00836 50.5 50.5 2 3 4
4.00852 50.4914 50.4914 2 3 4
4.00883 50.4742 50.4742 2 3 4
4.00947 50.4397 50.4397 2 3 4
4.01074 50.3709 50.3709 2 3 4
4.01329 50.2331 50.2331 2 3 4
4.01732 50.0178 50.0178 2 3 4
4.02139 49.8026 49.8026 2 3 4
4.0255 49.5873 49.5873 2 3 4
4.02966 49.3721 49.3721 2 3 4
4.03386 49.1568 49.1568 2 3 4
4.03811 48.9416 48.9416 2 3 4
4.0424 48.7263 48.7263 2 3 4
4.04674 48.511 48.511 2 3 4
4.05113 48.2958 48.2958 2 3 4
4.05557 48.0805 48.0805 2 3 4
4.06005 47.8652 47.8652 2 3 4
4.06459 47.6499 47.6499 2 3 4
4.06918 47.4347 47.4347 2 3 4
4.07381 47.2194 47.2194 2 3 4
4.07851 47.0041 47.0041 2 3 4
4.08325 46.7888 46.7888 2 3 4
4.08805 46.5735 46.5735 2 3 4
4.09291 46.3582 46.3582 2 3 4
4.09782 46.1429 46.1429 2 3 4
4.10279 45.9276 45.9276 2 3 4
4.10782 45.7123 45.7123 2 3 4
4.11291 45.4969 45.4969 2 3 4
4.11806 45.2816 45.2816 2 3 4
4.12327 45.0663 45.0663 2 3 4
4.12854 44.8509 44.8509 2 3 4
4.13388 44.6356 44.6356 2 3 4
4.13928 44.4203 44.4203 2 3 4
4.14475 44.2049 44.2049 2 3 4
4.15028 43.9895 43.9895 2 3 4
4.15589 43.7742 43.7742 2 3 4
4.16156 43.5588 43.5588 2 3 4
4.16731 43.3434 43.3434 2 3 4
4.17313 43.128 43.128 2 3 4
4.17902 42.9126 42.9126 2 3 4
4.18499 42.6972 42.6972 2 3 4
4.19103 42.4818 42.4818 2 3 4
4.19715 42.2664 42.2664 2 3 4
4.20336 42.051 42.051 2 3 4
4.20964 41.8355 41.8355 2 3 4
4.21601 41.6201 41.6201 2 3 4
4.22246 41.4046 41.4046 2 3 4
4.229 41.1892 41.1892 2 3 4
4.23562 40.9737 40.9737 2 3 4
4.24234 40.7582 40.7582 2 3 4
4.24914 40.5427 40.5427 2 3 4
4.25605 40.3272 40.3272 2 3 4
4.26304 40.1117 40.1117 2 3 4
4.27013 39.8961 39.8961 2 3 4
4.27733 39.6806 39.6806 2 3 4
4.28462 39.465 39.465 2 3 4
4.29202 39.2495 39.2495 2 3 4
4.29952 39.0339 39.0339 2 3 4
4.30713 38.8183 38.8183 2 3 4
4.31485 38.6027 38.6027 2 3 4
4.32269 38.387 38.387 2 3 4
4.33064 38.1714 38.1714 2 3 4
4.3387 37.9557 37.9557 2 3 4
4.34689 37.74 37.74 2 3 4
4.3552 37.5244 37.5244 2 3 4
4.36364 37.3086 37.3086 2 3 4
4.3722 37.0929 37.0929 2 3 4
4.3809 36.8772 36.8772 2 3 4
4.38973 36.6614 36.6614 2 3 4
4.3987 36.4456 36.4456 2 3 4
4.4078 36.2298 36.2298 2 3 4
4.41706 36.014 36.014 2 3 4
4.42646 35.7981 35.7981 2 3 4
4.43601 35.5823 35.5823 2 3 4
4.44572 35.3664 35.3664 2 3 4
4.45558 35.1505 35.1505 2 3 4
4.46561 34.9345 34.9345 2 3 4
4.4758 34.7186 34.7186 2 3 4
4.48616 34.5026 34.5026 2 3 4
4.4967 34.2866 34.2866 2 3 4
4.50742 34.0705 34.0705 2 3 4
4.51832 33.8545 33.8545 2 3 4
4.52941 33.6384 33.6384 2 3 4
4.54069 33.4222 33.4222 2 3 4
4.55217 33.2061 33.2061 2 3 4
4.56385 32.9899 32.9899 2 3 4
4.57574 32.7737 32.7737 2 3 4
4.58785 32.5575 32.5575 2 3 4
4.60017 32.3412 32.3412 2 3 4
4.61272 32.1249 32.1249 2 3 4
4.62551 31.9085 31.9085 2 3 4
4.63853 31.6921 31.6921 2 3 4
4.6518 31.4757 31.4757 2 3 4
4.66532 31.2592 31.2592 2 3 4
4.6791 31.0427 31.0427 2 3 4
4.69314 30.8262 30.8262 2 3 4
4.70746 30.6096 30.6096 2 3 4
4.72206 30.393 30.393 2 3 4
4.73696 30.1763 30.1763 2 3 4
4.75215 29.9596 29.9596 2 3 4
4.76765 29.7429 29.7429 2 3 4
4.78347 29.5261 29.5261 2 3 4
4.79962 29.3092 29.3092 2 3 4
4.8161 29.0923 29.0923 2 3 4
4.83293 28.8754 28.8754 2 3 4
4.85012 28.6583 28.6583 2 3 4
4.86769 28.4413 28.4413 2 3 4
4.88563 28.2242 28.2242 2 3 4
4.90397 28.007 28.007 2 3 4
4.92272 27.7898 27.7898 2 3 4
4.94189 27.5725 27.5725 2 3 4
4.9615 27.3551 27.3551 2 3 4
4.98156 27.1377 27.1377 2 3 4
5.00208 26.9202 26.9202 2 3 4
5.02309 26.7027 26.7027 2 3 4
5.0446 26.4851 26.4851 2 3 4
5.06662 26.2674 26.2674 2 3 4
5.08918 26.0497 26.0497 2 3 4
5.1123 25.8318 25.8318 2 3 4
5.136 25.6139 25.6139 2 3 4
5.16029 25.396 25.396 2 3 4
5.18521 25.1779 25.1779 2 3 4
5.21077 24.9598 24.9598 2 3 4
5.237 24.7416 24.7416 2 3 4
5.26393 24.5233 24.5233 2 3 4
5.29158 24.3049 24.3049 2 3 4
5.31999 24.0865 24.0865 2 3 4
5.34918 23.8679 23.8679 2 3 4
5.37919 23.6493 23.6493 2 3 4
5.41006 23.4306 23.4306 2 3 4
5.44181 23.2117 23.2117 2 3 4
5.47449 22.9928 22.9928 2 3 4
5.50815 22.7738 22.7738 2 3 4
5.54281 22.5547 22.5547 2 3 4
5.57854 22.3355 22.3355 2 3 4
5.61537 22.1162 22.1162 2 3 4
5.65337 21.8968 21.8968 2 3 4
5.69258 21.6773 21.6773 2 3 4
5.73307 21.4577 21.4577 2 3 4
5.77489 21.238 21.238 2 3 4
5.81813 21.0182 21.0182 2 3 4
5.86284 20.7983 20.7983 2 3 4
5.90911 20.5783 20.5783 2 3 4
5.95702 20.3582 20.3582 2 3 4
6.00666 20.1381 20.1381 2 3 4
6.05812 19.9178 19.9178 2 3 4
6.1115 19.6974 19.6974 2 3 4
6.16693 19.477 19.477 2 3 4
6.22451 19.2564 19.2564 2 3 4
6.28438 19.0358 19.0358 2 3 4
6.34667 18.8151 18.8151 2 3 4
6.41153 18.5944 18.5944 2 3 4
6.47914 18.3736 18.3736 2 3 4
6.54967 18.1528 18.1528 2 3 4
6.62331 17.932 17.932 2 3 4
6.70027 17.7112 17.7112 2 3 4
6.78079 17.4903 17.4903 2 3 4
6.86512 17.2696 17.2696 2 3 4
6.95354 17.0489 17.0489 2 3 4
7.04635 16.8283 16.8283 2 3 4
7.14389 16.6079 16.6079 2 3 4
7.24653 16.3876 16.3876 2 3 4
7.35468 16.1677 16.1677 2 3 4
7.46879 15.948 15.948 2 3 4
7.58935 15.7288 15.7288 2 3 4
7.71693 15.5101 15.5101 2 3 4
7.85213 15.292 15.292 2 3 4
7.99563 15.0747 15.0747 2 3 4
8.14819 14.8584 14.8584 2 3 4
8.31062 14.6432 14.6432 2 3 4
8.48384 14.4294 14.4294 2 3 4
8.66885 14.2173 14.2173 2 3 4
8.86673 14.0073 14.0073 2 3 4
9.07863 13.7998 13.7998 2 3 4
9.30579 13.5953 13.5953 2 3 4
9.54944 13.3945 13.3945 2 3 4
9.81086 13.1981 13.1981 2 3 4
10.0912 13.0069 13.0069 2 3 4
10.3915 12.8218 12.8218 2 3 4
10.7125 12.644 12.644 2 3 4
11.0546 12.4745 12.4745 2 3 4
11.4177 12.3145 12.3145 2 3 4
11.8011 12.1648 12.1648 2 3 4
12.2036 12.0264 12.0264 2 3 4
12.6237 11.9 11.9 2 3 4
13.0591 11.7857 11.7857 2 3 4
13.5078 11.6836 11.6836 2 3 4
13.9674 11.5935 11.5935 2 3 4
14.4359 11.5149 11.5149 2 3 4
14.9114 11.4471 11.4471 2 3 4
15.3922 11.3894 11.3894 2 3 4
15.8771 11.3411 11.3411 2 3 4
16.3648 11.3012 11.3012 2 3 4
16.8546 11.2691 11.2691 2 3 4
17.3458 11.2441 11.2441 2 3 4
17.8377 11.2255 11.2255 2 3 4
18.3301 11.2127 11.2127 2 3 4
18.8226 11.2051 11.2051 2 3 4
19.315 11.2023 11.2023 2 3 4
19.8071 11.2038 11.2038 2 3 4
20.2988 11.2093 11.2093 2 3 4
20.79 11.2183 11.2183 2 3 4
21.2806 11.2306 11.2306 2 3 4
21.7707 11.246 11.246 2 3 4
22.2601 11.264 11.264 2 3 4
22.749 11.2846 11.2846 2 3 4
23.2372 11.3075 11.3075 2 3 4
23.7248 11.3325 11.3325 2 3 4
24.2118 11.3595 11.3595 2 3 4
24.6982 11.3884 11.3884 2 3 4
25.1841 11.4189 11.4189 2 3 4
25.6694 11.451 11.451 2 3 4
26.1542 11.4845 11.4845 2 3 4
26.6385 11.5194 11.5194 2 3 4
27.1222 11.5556 11.5556 2 3 4
27.6055 11.593 11.593 2 3 4
28.0884 11.6314 11.6314 2 3 4
28.5708 11.6709 11.6709 2 3 4
29.0528 11.7114 11.7114 2 3 4
29.5344 11.7528 11.7528 2 3 4
30.0157 11.795 11.795 2 3 4
30.4966 11.8381 11.8381 2 3 4
30.9771 11.8819 11.8819 2 3 4
31.4573 11.9265 11.9265 2 3 4
31.9372 11.9717 11.9717 2 3 4
32.4168 12.0176 12.0176 2 3 4
32.8961 12.064 12.064 2 3 4
33.3751 12.1111 12.1111 2 3 4
33.8539 12.1587 12.1587 2 3 4
34.3324 12.2068 12.2068 2 3 4
34.8107 12.2554 12.2554 2 3 4
35.2888 12.3045 12.3045 2 3 4
35.7666 12.354 12.354 2 3 4
36.2442 12.4039 12.4039 2 3 4
36.7216 12.4543 12.4543 2 3 4
37.1989 12.505 12.505 2 3 4
37.6759 12.5561 12.5561 2 3 4
38.1528 12.6076 12.6076 2 3 4
38.6295 12.6594 12.6594 2 3 4
39.106 12.7115 12.7115 2 3 4
39.5824 12.7639 12.7639 2 3 4
40.0587 12.8166 12.8166 2 3 4
40.5348 12.8696 12.8696 2 3 4
41.0107 12.9228 12.9228 2 3 4
41.4866 12.9763 12.9763 2 3 4
41.9623 13.0301 13.0301 2 3 4
42.4378 13.0841 13.0841 2 3 4
42.9133 13.1383 13.1383 2 3 4
43.3887 13.1928 13.1928 2 3 4
43.8639 13.2474 13.2474 2 3 4
44.3391 13.3023 13.3023 2 3 4
44.8141 13.3573 13.3573 2 3 4
45.2891 13.4126 13.4126 2 3 4
45.7639 13.468 13.468 2 3 4
46.2387 13.5236 13.5236 2 3 4
46.7134 13.5793 13.5793 2 3 4
47.188 13.6352 13.6352 2 3 4
47.6625 13.6913 13.6913 2 3 4
48.137 13.7476 13.7476 2 3 4
48.6114 13.8039 13.8039 2 3 4
49.0857 13.8604 13.8604 2 3 4
49.5599 13.9171 13.9171 2 3 4
50.0341 13.9739 13.9739 2 3 4
50.5082 14.0308 14.0308 2 3 4
50.9823 14.0878 14.0878 2 3 4
51.4563 14.1449 14.1449 2 3 4
51.9302 14.2022 14.2022 2 3 4
52.4041 14.2595 14.2595 2 3 4
52.8779 14.317 14.317 2 3 4
53.3517 14.3746 14.3746 2 3 4
53.8254 14.4323 14.4323 2 3 4
54.2991 14.49 14.49 2 3 4
54.7728 14.5479 14.5479 2 3 4
55.2464 14.6059 14.6059 2 3 4
55.7199 14.6639 14.6639 2 3 4
56.1934 14.7221 14.7221 2 3 4
56.6669 14.7803 14.7803 2 3 4
57.1403 14.8386 14.8386 2 3 4
57.6137 14.8969 14.8969 2 3 4
58.0871 14.9554 14.9554 2 3 4
58.5604 15.0139 15.0139 2 3 4
59.0337 15.0725 15.0725 2 3 4
59.507 15.1312 15.1312 2 3 4
59.9802 15.1899 15.1899 2 3 4
60.4534 15.2487 15.2487 2 3 4
60.9266 15.3076 15.3076 2 3 4
61.3997 15.3665 15.3665 2 3 4
61.8729 15.4255 15.4255 2 3 4
62.346 15.4845 15.4845 2 3 4
62.819 15.5436 15.5436 2 3 4
63.2921 15.6028 15.6028 2 3 4
63.7651 15.662 15.662 2 3 4
64.2381 15.7212 15.7212 2 3 4
64.711 15.7806 15.7806 2 3 4
65.184 15.8399 15.8399 2 3 4
65.6569 15.8993 15.8993 2 3 4
66.1298 15.9588 15.9588 2 3 4
66.6027 16.0183 16.0183 2 3 4
67.0756 16.0779 16.0779 2 3 4
67.5484 16.1374 16.1374 2 3 4
68.0213 16.1971 16.1971 2 3 4
68.4941 16.2568 16.2568 2 3 4
68.9669 16.3165 16.3165 2 3 4
69.4397 16.3762 16.3762 2 3 4
69.9124 16.436 16.436 2 3 4
70.3852 16.4959 16.4959 2 3 4
4.00836 16.4959 16.4959 2 4 4
4.00836 16.4959 16.4959 2 4 4
4.00836 16.4959 16.4959 2 4 4
4.00836 16.4959 16.4959 2 4 4
4.00836 16.4959 16.4959 2 4 4
4.00836 50.5 50.5 2 4 4
4.0082 50.5086 50.5086 2 4 4
4.00788 50.5259 50.5259 2 4 4
4.00725 50.5603 50.5603 2 4 4
4.00599 50.6292 50.6292 2 4 4
4.00349 50.7669 50.7669 2 4 4
3.9996 50.9822 50.9822 2 4 4
3.99576 51.1974 51.1974 2 4 4
3.99196 51.4126 51.4126 2 4 4
3.98819 51.6279 51.6279 2 4 4
3.98447 51.8431 51.8431 2 4 4
3.98078 52.0583 52.0583 2 4 4
3.97712 52.2736 52.2736 2 4 4
3.97351 52.4888 52.4888 2 4 4
3.96993 52.7041 52.7041 2 4 4
3.96638 52.9193 52.9193 2 4 4
3.96287 53.1345 53.1345 2 4 4
3.9594 53.3498 53.3498 2 4 4
3.95596 53.565 53.565 2 4 4
3.95255 53.7802 53.7802 2 4 4
3.94917 53.9954 53.9954 2 4 4
3.94583 54.2107 54.2107 2 4 4
3.94252 54.4259 54.4259 2 4 4
3.93924 54.6412 54.6412 2 4 4
3.93599 54.8564 54.8564 2 4 4
3.93277 55.0716 55.0716 2 4 4
3.92959 55.2868 55.2868 2 4 4
3.92643 55.5021 55.5021 2 4 4
3.9233 55.7173 55.7173 2 4 4
3.9202 55.9325 55.9325 2 4 4
3.91713 56.1477 56.1477 2 4 4
3.91409 56.363 56.363 2 4 4
3.91107 56.5782 56.5782 2 4 4
3.90808 56.7934 56.7934 2 4 4
3.90512 57.0087 57.0087 2 4 4
3.90219 57.2239 57.2239 2 4 4
3.89928 57.4391 57.4391 2 4 4
3.8964 57.6543 57.6543 2 4 4
3.89354 57.8696 57.8696 2 4 4
3.89071 58.0848 58.0848 2 4 4
3.8879 58.3001 58.3001 2 4 4
3.88512 58.5153 58.5153 2 4 4
3.88236 58.7307 58.7307 2 4 4
3.87963 58.9458 58.9458 2 4 4
3.87692 59.161 59.161 2 4 4
3.87424 59.3762 59.3762 2 4 4
3.87158 59.5913 59.5913 2 4 4
3.86893 59.8068 59.8068 2 4 4
3.86632 60.0221 60.0221 2 4 4
3.86372 60.2373 60.2373 2 4 4
3.86115 60.4521 60.4521 2 4 4
3.85861 60.666 60.666 2 4 4
3.85733 60.7748 60.7748 2 4 4
3.85543 60.9371 60.9371 2 4 4
3.85292 61.1527 61.1527 2 4 4
3.85232 61.2052 61.2052 2 4 4
3.85138 61.2865 61.2865 2 4 4
3.85044 61.3677 61.3677 2 4 4
3.84904 61.4897 61.4897 2 4 4
3.84828 61.5566 61.5566 2 4 4
3.84816 61.567 61.567 2 4 4
3.84809 61.5734 61.5734 2 4 4
3.84807 61.5751 61.5751 2 4 4
3.84807 61.5751 61.5751 2 4 4
4.58373 61.5751 61.5751 2 5 6
4.58373 61.5751 61.5751 2 5 6
4.58373 61.5751 61.5751 2 5 6
4.58373 61.5751 61.5751 2 5 6
4.58373 61.5751 61.5751 2 5 6
4.58373 50.5 50.5 2 5 6
4.58331 50.5133 50.5133 2 5 6
4.58248 50.54 50.54 2 5 6
4.58083 50.5934 50.5934 2 5 6
4.57752 50.7002 50.7002 2 5 6
4.57094 50.9139 50.9139 2 5 6
4.56077 51.248 51.248 2 5 6
4.55071 51.5824 51.5824 2 5 6
4.54077 51.9172 51.9172 2 5 6
4.53095 52.2522 52.2522 2 5 6
4.52123 52.5875 52.5875 2 5 6
4.51163 52.9232 52.9232 2 5 6
4.50213 53.2591 53.2591 2 5 6
4.49274 53.5953 53.5953 2 5 6
4.48345 53.9319 53.9319 2 5 6
4.47427 54.2687 54.2687 2 5 6
4.46518 54.6058 54.6058 2 5 6
4.4562 54.9432 54.9432 2 5 6
4.44731 55.2809 55.2809 2 5 6
4.43852 55.6188 55.6188 2 5 6
4.42982 55.9571 55.9571 2 5 6
4.42121 56.2956 56.2956 2 5 6
4.41269 56.6344 56.6344 2 5 6
4.40426 56.9735 56.9735 2 5 6
4.39592 57.3129 57.3129 2 5 6
4.38766 57.6526 57.6526 2 5 6
4.37949 57.9925 57.9925 2 5 6
4.3714 58.3327 58.3327 2 5 6
4.36339 58.6731 58.6731 2 5 6
4.35546 59.0139 59.0139 2 5 6
4.34762 59.3549 59.3549 2 5 6
4.33984 59.6962 59.6962 2 5 6
4.33215 60.0377 60.0377 2 5 6
4.32453 60.3795 60.3795 2 5 6
4.31698 60.7215 60.7215 2 5 6
4.30951 61.0639 61.0639 2 5 6
4.30211 61.4064 61.4064 2 5 6
4.29478 61.7493 61.7493 2 5 6
4.28752 62.0924 62.0924 2 5 6
4.28033 62.4357 62.4357 2 5 6
4.2732 62.7793 62.7793 2 5 6
4.26614 63.1231 63.1231 2 5 6
4.25915 63.4672 63.4672 2 5 6
4.25222 63.8116 63.8116 2 5 6
4.24535 64.1562 64.1562 2 5 6
4.23855 64.501 64.501 2 5 6
4.23181 64.8461 64.8461 2 5 6
4.22512 65.1914 65.1914 2 5 6
4.2185 65.537 65.537 2 5 6
4.21194 65.8828 65.8828 2 5 6
4.20543 66.2289 66.2289 2 5 6
4.19899 66.5752 66.5752 2 5 6
4.19259 66.9217 66.9217 2 5 6
4.18626 67.2685 67.2685 2 5 6
4.17998 67.6155 67.6155 2 5 6
4.17375 67.9627 67.9627 2 5 6
4.16757 68.3102 68.3102 2 5 6
4.16145 68.6579 68.6579 2 5 6
4.15538 69.0058 69.0058 2 5 6
4.14936 69.3539 69.3539 2 5 6
4.14339 69.7023 69.7023 2 5 6
4.13747 70.0509 70.0509 2 5 6
4.1316 70.3998 70.3998 2 5 6
4.12578 70.7488 70.7488 2 5 6
4.12001 71.0981 71.0981 2 5 6
4.11428 71.4476 71.4476 2 5 6
4.1086 71.7973 71.7973 2 5 6
4.10297 72.1473 72.1473 2 5 6
4.09738 72.4975 72.4975 2 5 6
4.09183 72.8478 72.8478 2 5 6
4.08633 73.1984 73.1984 2 5 6
4.08087 73.5492 73.5492 2 5 6
4.07546 73.9003 73.9003 2 5 6
4.07008 74.2515 74.2515 2 5 6
4.06475 74.603 74.603 2 5 6
4.05946 74.9546 74.9546 2 5 6
4.05422 75.3065 75.3065 2 5 6
4.04901 75.6586 75.6586 2 5 6
4.04384 76.0109 76.0109 2 5 6
4.03871 76.3634 76.3634 2 5 6
4.03362 76.7161 76.7161 2 5 6
4.02857 77.069 77.069 2 5 6
4.02355 77.4221 77.4221 2 5 6
4.01858 77.7754 77.7754 2 5 6
4.01364 78.1289 78.1289 2 5 6
4.00873 78.4827 78.4827 2 5 6
4.00386 78.8366 78.8366 2 5 6
3.99903 79.1907 79.1907 2 5 6
3.99423 79.545 79.545 2 5 6
3.98947 79.8995 79.8995 2 5 6
3.98474 80.2542 80.2542 2 5 6
3.98005 80.6092 80.6092 2 5 6
3.97539 80.9643 80.9643 2 5 6
3.97076 81.3196 81.3196 2 5 6
3.96617 81.6751 81.6751 2 5 6
3.96161 82.0307 82.0307 2 5 6
3.95708 82.3866 82.3866 2 5 6
3.95258 82.7427 82.7427 2 5 6
3.94811 83.0989 83.0989 2 5 6
3.94367 83.4554 83.4554 2 5 6
3.93927 83.812 83.812 2 5 6
3.93489 84.1688 84.1688 2 5 6
3.93055 84.5258 84.5258 2 5 6
3.92623 84.883 84.883 2 5 6
3.92194 85.2404 85.2404 2 5 6
3.91769 85.598 85.598 2 5 6
3.91346 85.9557 85.9557 2 5 6
3.90926 86.3136 86.3136 2 5 6
3.90508 86.6718 86.6718 2 5 6
3.90094 87.03 87.03 2 5 6
3.89682 87.3885 87.3885 2 5 6
3.89273 87.7472 87.7472 2 5 6
3.88867 88.106 88.106 2 5 6
3.88463 88.465 88.465 2 5 6
3.88062 88.8242 88.8242 2 5 6
3.87663 89.1835 89.1835 2 5 6
3.87267 89.5431 89.5431 2 5 6
3.86874 89.9028 89.9028 2 5 6
3.86483 90.2627 90.2627 2 5 6
3.86094 90.6227 90.6227 2 5 6
3.85708 90.9829 90.9829 2 5 6
3.85325 91.3433 91.3433 2 5 6
3.84944 91.7039 91.7039 2 5 6
3.84565 92.0646 92.0646 2 5 6
3.84189 92.4255 92.4255 2 5 6
3.83815 92.7866 92.7866 2 5 6
3.83443 93.1479 93.1479 2 5 6
3.83073 93.5093 93.5093 2 5 6
3.82706 93.8709 93.8709 2 5 6
3.82341 94.2326 94.2326 2 5 6
3.81979 94.5945 94.5945 2 5 6
3.81618 94.9566 94.9566 2 5 6
3.8126 95.3188 95.3188 2 5 6
3.80904 95.6812 95.6812 2 5 6
3.8055 96.0438 96.0438 2 5 6
3.80198 96.4065 96.4065 2 5 6
3.79848 96.7694 96.7694 2 5 6
3.795 97.1325 97.1325 2 5 6
3.79155 97.4957 97.4957 2 5 6
3.78811 97.8591 97.8591 2 5 6
3.78469 98.2226 98.2226 2 5 6
3.7813 98.5863 98.5863 2 5 6
3.77792 98.9501 98.9501 2 5 6
3.77456 99.3141 99.3141 2 5 6
3.77123 99.6783 99.6783 2 5 6
3.76791 100.043 100.043 2 5 6
3.76461 100.407 100.407 2 5 6
3.76133 100.772 100.772 2 5 6
3.75806 101.136 101.136 2 5 6
3.75482 101.501 101.501 2 5 6
3.7516 101.866 101.866 2 5 6
3.74839 102.232 102.232 2 5 6
3.7452 102.597 102.597 2 5 6
3.74203 102.963 102.963 2 5 6
3.73888 103.328 103.328 2 5 6
3.73574 103.694 103.694 2 5 6
3.73262 104.06 104.06 2 5 6
3.72952 104.426 104.426 2 5 6
3.72644 104.793 104.793 2 5 6
3.72337 105.159 105.159 2 5 6
3.72032 105.526 105.526 2 5 6
3.71728 105.892 105.892 2 5 6
3.71427 106.259 106.259 2 5 6
3.71126 106.626 106.626 2 5 6
3.70828 106.993 106.993 2 5 6
3.70531 107.361 107.361 2 5 6
3.70236 107.728 107.728 2 5 6
3.69942 108.096 108.096 2 5 6
3.6965 108.463 108.463 2 5 6
3.69359 108.831 108.831 2 5 6
3.6907 109.199 109.199 2 5 6
3.68782 109.568 109.568 2 5 6
3.68496 109.936 109.936 2 5 6
3.68212 110.304 110.304 2 5 6
3.67928 110.673 110.673 2 5 6
3.67647 111.042 111.042 2 5 6
3.67367 111.41 111.41 2 5 6
3.67088 111.779 111.779 2 5 6
3.6681 112.149 112.149 2 5 6
3.66535 112.518 112.518 2 5 6
3.6626 112.887 112.887 2 5 6
3.65987 113.257 113.257 2 5 6
3.65715 113.626 113.626 2 5 6
3.65445 113.996 113.996 2 5 6
3.65176 114.366 114.366 2 5 6
3.64908 114.736 114.736 2 5 6
3.64642 115.107 115.107 2 5 6
3.64377 115.477 115.477 2 5 6
3.64113 115.847 115.847 2 5 6
3.63851 116.218 116.218 2 5 6
3.6359 116.589 116.589 2 5 6
3.6333 116.96 116.96 2 5 6
3.63072 117.331 117.331 2 5 6
3.62814 117.702 117.702 2 5 6
3.62558 118.073 118.073 2 5 6
3.62304 118.444 118.444 2 5 6
3.6205 118.816 118.816 2 5 6
3.61798 119.188 119.188 2 5 6
3.61547 119.559 119.559 2 5 6
3.61297 119.931 119.931 2 5 6
3.61048 120.303 120.303 2 5 6
3.60801 120.676 120.676 2 5 6
3.60554 121.048 121.048 2 5 6
3.60309 121.42 121.42 2 5 6
3.60065 121.793 121.793 2 5 6
3.59823 122.166 122.166 2 5 6
3.59581 122.538 122.538 2 5 6
3.5934 122.911 122.911 2 5 6
3.59101 123.284 123.284 2 5 6
3.58863 123.657 123.657 2 5 6
3.58625 124.031 124.031 2 5 6
3.58389 124.404 124.404 2 5 6
3.58154 124.778 124.778 2 5 6
3.5792 125.151 125.151 2 5 6
3.57687 125.525 125.525 2 5 6
3.57456 125.899 125.899 2 5 6
3.57225 126.273 126.273 2 5 6
3.56995 126.647 126.647 2 5 6
3.56767 127.021 127.021 2 5 6
3.56539 127.396 127.396 2 5 6
3.56312 127.77 127.77 2 5 6
3.56087 128.145 128.145 2 5 6
3.55862 128.52 128.52 2 5 6
3.55639 128.895 128.895 2 5 6
3.55416 129.27 129.27 2 5 6
3.55195 129.645 129.645 2 5 6
3.54974 130.02 130.02 2 5 6
3.54755 130.395 130.395 2 5 6
3.54536 130.771 130.771 2 5 6
3.54318 131.146 131.146 2 5 6
3.54102 131.522 131.522 2 5 6
3.53886 131.898 131.898 2 5 6
3.53671 132.274 132.274 2 5 6
3.53457 132.65 132.65 2 5 6
3.53244 133.026 133.026 2 5 6
3.53032 133.402 133.402 2 5 6
3.52821 133.778 133.778 2 5 6
3.52611 134.155 134.155 2 5 6
3.52401 134.531 134.531 2 5 6
3.52193 134.908 134.908 2 5 6
3.51985 135.285 135.285 2 5 6
3.51779 135.662 135.662 2 5 6
3.51573 136.039 136.039 2 5 6
3.51368 136.416 136.416 2 5 6
3.51164 136.793 136.793 2 5 6
3.50961 137.171 137.171 2 5 6
3.50759 137.548 137.548 2 5 6
3.50557 137.926 137.926 2 5 6
3.50356 138.303 138.303 2 5 6
3.50157 138.681 138.681 2 5 6
3.49958 139.059 139.059 2 5 6
3.49759 139.437 139.437 2 5 6
3.49562 139.815 139.815 2 5 6
3.49366 140.193 140.193 2 5 6
3.4917 140.572 140.572 2 5 6
3.48975 140.95 140.95 2 5 6
3.48781 141.329 141.329 2 5 6
3.48588 141.707 141.707 2 5 6
3.48395 142.086 142.086 2 5 6
3.48203 142.465 142.465 2 5 6
3.48012 142.844 142.844 2 5 6
3.47822 143.223 143.223 2 5 6
3.47633 143.602 143.602 2 5 6
3.47444 143.982 143.982 2 5 6
3.47256 144.361 144.361 2 5 6
3.47069 144.74 144.74 2 5 6
3.46882 145.12 145.12 2 5 6
3.46697 145.5 145.5 2 5 6
3.46512 145.88 145.88 2 5 6
3.46327 146.259 146.259 2 5 6
3.46144 146.639 146.639 2 5 6
3.45961 147.02 147.02 2 5 6
3.45779 147.4 147.4 2 5 6
3.45598 147.78 147.78 2 5 6
3.45417 148.161 148.161 2 5 6
3.45237 148.541 148.541 2 5 6
3.45058 148.922 148.922 2 5 6
3.44879 149.302 149.302 2 5 6
3.44701 149.683 149.683 2 5 6
3.44524 150.064 150.064 2 5 6
3.44348 150.445 150.445 2 5 6
3.44172 150.826 150.826 2 5 6
3.43997 151.207 151.207 2 5 6
3.43822 151.589 151.589 2 5 6
3.43648 151.97 151.97 2 5 6
3.43475 152.352 152.352 2 5 6
3.43303 152.733 152.733 2 5 6
3.43131 153.115 153.115 2 5 6
3.4296 153.497 153.497 2 5 6
3.42789 153.879 153.879 2 5 6
3.42619 154.261 154.261 2 5 6
3.4245 154.643 154.643 2 5 6
3.42281 155.025 155.025 2 5 6
3.42113 155.407 155.407 2 5 6
3.41946 155.79 155.79 2 5 6
3.41779 156.172 156.172 2 5 6
3.41613 156.555 156.555 2 5 6
3.41447 156.937 156.937 2 5 6
3.41282 157.32 157.32 2 5 6
3.41118 157.703 157.703 2 5 6
3.40954 158.086 158.086 2 5 6
3.40791 158.469 158.469 2 5 6
3.40629 158.852 158.852 2 5 6
3.40467 159.235 159.235 2 5 6
3.40305 159.619 159.619 2 5 6
3.40145 160.002 160.002 2 5 6
3.39984 160.385 160.385 2 5 6
3.39825 160.769 160.769 2 5 6
3.39666 161.153 161.153 2 5 6
3.39507 161.537 161.537 2 5 6
3.39349 161.92 161.92 2 5 6
3.39192 162.304 162.304 2 5 6
3.39035 162.688 162.688 2 5 6
3.38879 163.073 163.073 2 5 6
3.38723 163.457 163.457 2 5 6
3.38568 163.841 163.841 2 5 6
3.38414 164.226 164.226 2 5 6
3.3826 164.61 164.61 2 5 6
3.38106 164.995 164.995 2 5 6
3.37953 165.379 165.379 2 5 6
3.37801 165.764 165.764 2 5 6
3.37649 166.149 166.149 2 5 6
3.37498 166.534 166.534 2 5 6
3.37347 166.919 166.919 2 5 6
3.37196 167.304 167.304 2 5 6
3.37047 167.689 167.689 2 5 6
3.36897 168.075 168.075 2 5 6
3.36749 168.46 168.46 2 5 6
3.366 168.845 168.845 2 5 6
3.36453 169.231 169.231 2 5 6
3.36305 169.617 169.617 2 5 6
3.36159 170.002 170.002 2 5 6
3.36012 170.388 170.388 2 5 6
3.35867 170.774 170.774 2 5 6
3.35722 171.16 171.16 2 5 6
3.35577 171.546 171.546 2 5 6
3.35433 171.932 171.932 2 5 6
3.35289 172.319 172.319 2 5 6
3.35145 172.705 172.705 2 5 6
3.35003 173.091 173.091 2 5 6
3.3486 173.478 173.478 2 5 6
3.34718 173.864 173.864 2 5 6
3.34577 174.251 174.251 2 5 6
3.34436 174.638 174.638 2 5 6
3.34296 175.025 175.025 2 5 6
3.34156 175.412 175.412 2 5 6
3.34016 175.799 175.799 2 5 6
3.33877 176.186 176.186 2 5 6
3.33739 176.573 176.573 2 5 6
3.336 176.96 176.96 2 5 6
3.33463 177.347 177.347 2 5 6
3.33326 177.735 177.735 2 5 6
3.33189 178.122 178.122 2 5 6
3.33052 178.51 178.51 2 5 6
3.32916 178.897 178.897 2 5 6
3.32781 179.285 179.285 2 5 6
3.32646 179.673 179.673 2 5 6
3.32511 180.061 180.061 2 5 6
3.32377 180.449 180.449 2 5 6
3.32243 180.837 180.837 2 5 6
3.3211 181.225 181.225 2 5 6
3.31977 181.613 181.613 2 5 6
3.31845 182.002 182.002 2 5 6
3.31713 182.39 182.39 2 5 6
3.31581 182.779 182.779 2 5 6
3.3145 183.167 183.167 2 5 6
3.31319 183.556 183.556 2 5 6
3.31189 183.944 183.944 2 5 6
3.31059 184.333 184.333 2 5 6
3.30929 184.722 184.722 2 5 6
3.308 185.111 185.111 2 5 6
3.30672 185.5 185.5 2 5 6
3.30543 185.889 185.889 2 5 6
3.30415 186.278 186.278 2 5 6
3.30288 186.668 186.668 2 5 6
3.30161 187.057 187.057 2 5 6
3.30034 187.446 187.446 2 5 6
3.29908 187.836 187.836 2 5 6
3.29782 188.225 188.225 2 5 6
3.29656 188.615 188.615 2 5 6
3.29531 189.005 189.005 2 5 6
3.29406 189.394 189.394 2 5 6
3.29282 189.784 189.784 2 5 6
3.29158 190.174 190.174 2 5 6
3.29034 190.564 190.564 2 5 6
3.28911 190.954 190.954 2 5 6
3.28788 191.344 191.344 2 5 6
3.28665 191.735 191.735 2 5 6
3.28543 192.125 192.125 2 5 6
3.28422 192.515 192.515 2 5 6
3.283 192.906 192.906 2 5 6
3.28179 193.296 193.296 2 5 6
3.28058 193.687 193.687 2 5 6
3.27938 194.078 194.078 2 5 6
3.27818 194.469 194.469 2 5 6
3.27699 194.859 194.859 2 5 6
3.27579 195.25 195.25 2 5 6
3.2746 195.641 195.641 2 5 6
3.27342 196.032 196.032 2 5 6
3.27224 196.423 196.423 2 5 6
4.58373 196.423 196.423 2 6 6
4.58373 196.423 196.423 2 6 6
4.58373 196.423 196.423 2 6 6
4.58373 196.423 196.423 2 6 6
4.58373 196.423 196.423 2 6 6
4.58373 50.5 50.5 2 6 6
4.58414 50.4867 50.4867 2 6 6
4.58498 50.46 50.46 2 6 6
4.58664 50.4066 50.4066 2 6 6
4.58998 50.2999 50.2999 2 6 6
4.59523 50.1333 50.1333 2 6 6
4.60051 49.9667 49.9667 2 6 6
4.60582 49.8002 49.8002 2 6 6
4.61116 49.6338 49.6338 2 6 6
4.61654 49.4674 49.4674 2 6 6
4.62194 49.3012 49.3012 2 6 6
4.62738 49.135 49.135 2 6 6
4.63286 48.9689 48.9689 2 6 6
4.63837 48.8028 48.8028 2 6 6
4.64391 48.6369 48.6369 2 6 6
4.64949 48.471 48.471 2 6 6
4.6551 48.3053 48.3053 2 6 6
4.66075 48.1396 48.1396 2 6 6
4.66643 47.974 47.974 2 6 6
4.67215 47.8084 47.8084 2 6 6
4.6779 47.643 47.643 2 6 6
4.6837 47.4776 47.4776 2 6 6
4.68953 47.3123 47.3123 2 6 6
4.69539 47.1471 47.1471 2 6 6
4.7013 46.982 46.982 2 6 6
4.70724 46.817 46.817 2 6 6
4.71323 46.652 46.652 2 6 6
4.71925 46.4871 46.4871 2 6 6
4.72531 46.3224 46.3224 2 6 6
4.73141 46.1577 46.1577 2 6 6
4.73755 45.993 45.993 2 6 6
4.74373 45.8285 45.8285 2 6 6
4.74996 45.6641 45.6641 2 6 6
4.75623 45.4997 45.4997 2 6 6
4.76253 45.3354 45.3354 2 6 6
4.76888 45.1713 45.1713 2 6 6
4.77528 45.0072 45.0072 2 6 6
4.78172 44.8432 44.8432 2 6 6
4.7882 44.6792 44.6792 2 6 6
4.79473 44.5154 44.5154 2 6 6
4.8013 44.3516 44.3516 2 6 6
4.80792 44.188 44.188 2 6 6
4.81458 44.0244 44.0244 2 6 6
4.82129 43.8609 43.8609 2 6 6
4.82805 43.6976 43.6976 2 6 6
4.83486 43.5343 43.5343 2 6 6
4.84171 43.371 43.371 2 6 6
4.84862 43.2079 43.2079 2 6 6
4.85557 43.0449 43.0449 2 6 6
4.86257 42.882 42.882 2 6 6
4.86963 42.7191 42.7191 2 6 6
4.87673 42.5563 42.5563 2 6 6
4.88389 42.3937 42.3937 2 6 6
4.8911 42.2311 42.2311 2 6 6
4.89836 42.0686 42.0686 2 6 6
4.90568 41.9062 41.9062 2 6 6
4.91305 41.744 41.744 2 6 6
4.92048 41.5818 41.5818 2 6 6
4.92796 41.4197 41.4197 2 6 6
4.9355 41.2576 41.2576 2 6 6
4.9431 41.0957 41.0957 2 6 6
4.95075 40.9339 40.9339 2 6 6
4.95847 40.7722 40.7722 2 6 6
4.96624 40.6106 40.6106 2 6 6
4.97407 40.449 40.449 2 6 6
4.98197 40.2876 40.2876 2 6 6
4.98992 40.1263 40.1263 2 6 6
4.99794 39.965 39.965 2 6 6
5.00603 39.8039 39.8039 2 6 6
5.01417 39.6428 39.6428 2 6 6
5.02238 39.4819 39.4819 2 6 6
5.03066 39.321 39.321 2 6 6
5.039 39.1603 39.1603 2 6 6
5.04742 38.9996 38.9996 2 6 6
5.0559 38.8391 38.8391 2 6 6
5.06445 38.6786 38.6786 2 6 6
5.07307 38.5183 38.5183 2 6 6
5.08176 38.358 38.358 2 6 6
5.09052 38.1979 38.1979 2 6 6
5.09936 38.0379 38.0379 2 6 6
5.10827 37.8779 37.8779 2 6 6
5.11725 37.7181 37.7181 2 6 6
5.12632 37.5584 37.5584 2 6 6
5.13546 37.3987 37.3987 2 6 6
5.14468 37.2392 37.2392 2 6 6
5.15398 37.0798 37.0798 2 6 6
5.16335 36.9205 36.9205 2 6 6
5.17282 36.7613 36.7613 2 6 6
5.18236 36.6022 36.6022 2 6 6
5.19199 36.4432 36.4432 2 6 6
5.2017 36.2843 36.2843 2 6 6
5.2115 36.1255 36.1255 2 6 6
5.22139 35.9668 35.9668 2 6 6
5.23137 35.8083 35.8083 2 6 6
5.24144 35.6498 35.6498 2 6 6
5.2516 35.4915 35.4915 2 6 6
5.26185 35.3332 35.3332 2 6 6
5.2722 35.1751 35.1751 2 6 6
5.28265 35.0171 35.0171 2 6 6
5.29319 34.8592 34.8592 2 6 6
5.30383 34.7014 34.7014 2 6 6
5.31458 34.5437 34.5437 2 6 6
5.32542 34.3861 34.3861 2 6 6
5.33637 34.2287 34.2287 2 6 6
5.34743 34.0713 34.0713 2 6 6
5.35859 33.9141 33.9141 2 6 6
5.36986 33.757 33.757 2 6 6
5.38124 33.6 33.6 2 6 6
5.39274 33.4431 33.4431 2 6 6
5.40434 33.2864 33.2864 2 6 6
5.41607 33.1297 33.1297 2 6 6
5.42791 32.9732 32.9732 2 6 6
5.43987 32.8168 32.8168 2 6 6
5.45196 32.6605 32.6605 2 6 6
5.46417 32.5043 32.5043 2 6 6
5.4765 32.3483 32.3483 2 6 6
5.48896 32.1923 32.1923 2 6 6
5.50156 32.0365 32.0365 2 6 6
5.51428 31.8809 31.8809 2 6 6
5.52714 31.7253 31.7253 2 6 6
5.54014 31.5699 31.5699 2 6 6
5.55328 31.4145 31.4145 2 6 6
5.56656 31.2593 31.2593 2 6 6
5.57998 31.1043 31.1043 2 6 6
5.59356 30.9493 30.9493 2 6 6
5.60728 30.7945 30.7945 2 6 6
5.62115 30.6398 30.6398 2 6 6
5.63518 30.4853 30.4853 2 6 6
5.64937 30.3308 30.3308 2 6 6
5.66372 30.1765 30.1765 2 6 6
5.67824 30.0224 30.0224 2 6 6
5.69292 29.8683 29.8683 2 6 6
5.70777 29.7144 29.7144 2 6 6
5.7228 29.5606 29.5606 2 6 6
5.738 29.407 29.407 2 6 6
5.75338 29.2535 29.2535 2 6 6
5.76895 29.1001 29.1001 2 6 6
5.78471 28.9469 28.9469 2 6 6
5.80065 28.7937 28.7937 2 6 6
5.81679 28.6408 28.6408 2 6 6
5.83314 28.4879 28.4879 2 6 6
5.84968 28.3353 28.3353 2 6 6
5.86643 28.1827 28.1827 2 6 6
5.88339 28.0303 28.0303 2 6 6
5.90057 27.878 27.878 2 6 6
5.91797 27.7259 27.7259 2 6 6
5.9356 27.5739 27.5739 2 6 6
5.95345 27.4221 27.4221 2 6 6
5.97154 27.2704 27.2704 2 6 6
5.98987 27.1188 27.1188 2 6 6
6.00844 26.9674 26.9674 2 6 6
6.02726 26.8162 26.8162 2 6 6
6.04634 26.6651 26.6651 2 6 6
6.06568 26.5141 26.5141 2 6 6
6.08529 26.3633 26.3633 2 6 6
6.10517 26.2126 26.2126 2 6 6
6.12534 26.0621 26.0621 2 6 6
6.14578 25.9118 25.9118 2 6 6
6.16653 25.7616 25.7616 2 6 6
6.18757 25.6116 25.6116 2 6 6
6.20891 25.4617 25.4617 2 6 6
6.23057 25.312 25.312 2 6 6
6.25256 25.1625 25.1625 2 6 6
6.27487 25.0131 25.0131 2 6 6
6.29752 24.8638 24.8638 2 6 6
6.32052 24.7148 24.7148 2 6 6
6.34387 24.5659 24.5659 2 6 6
6.36758 24.4172 24.4172 2 6 6
6.39167 24.2686 24.2686 2 6 6
6.41614 24.1203 24.1203 2 6 6
6.441 23.972 23.972 2 6 6
6.46627 23.824 23.824 2 6 6
6.49194 23.6762 23.6762 2 6 6
6.51805 23.5285 23.5285 2 6 6
6.54458 23.381 23.381 2 6 6
6.57157 23.2337 23.2337 2 6 6
6.59901 23.0866 23.0866 2 6 6
6.62693 22.9396 22.9396 2 6 6
6.65534 22.7929 22.7929 2 6 6
6.68424 22.6463 22.6463 2 6 6
6.71366 22.5 22.5 2 6 6
6.74361 22.3538 22.3538 2 6 6
6.7741 22.2079 22.2079 2 6 6
6.80515 22.0621 22.0621 2 6 6
6.83678 21.9165 21.9165 2 6 6
6.86901 21.7712 21.7712 2 6 6
6.90185 21.6261 21.6261 2 6 6
6.93532 21.4811 21.4811 2 6 6
6.96944 21.3364 21.3364 2 6 6
7.00424 21.1919 21.1919 2 6 6
7.03973 21.0477 21.0477 2 6 6
7.07593 20.9037 20.9037 2 6 6
7.11288 20.7599 20.7599 2 6 6
7.15059 20.6163 20.6163 2 6 6
7.18909 20.473 20.473 2 6 6
7.22841 20.3299 20.3299 2 6 6
7.26858 20.1871 20.1871 2 6 6
7.30962 20.0446 20.0446 2 6 6
7.35156 19.9023 19.9023 2 6 6
7.39444 19.7602 19.7602 2 6 6
7.4383 19.6185 19.6185 2 6 6
7.48316 19.477 19.477 2 6 6
7.52906 19.3359 19.3359 2 6 6
7.57605 19.195 19.195 2 6 6
7.62416 19.0544 19.0544 2 6 6
7.67344 18.9142 18.9142 2 6 6
7.72393 18.7743 18.7743 2 6 6
7.77568 18.6347 18.6347 2 6 6
7.82873 18.4954 18.4954 2 6 6
7.88315 18.3565 18.3565 2 6 6
7.93899 18.218 18.218 2 6 6
7.9963 18.0799 18.0799 2 6 6
8.05515 17.9422 17.9422 2 6 6
8.1156 17.8049 17.8049 2 6 6
8.17772 17.668 17.668 2 6 6
8.24158 17.5315 17.5315 2 6 6
8.30726 17.3956 17.3956 2 6 6
8.37483 17.2601 17.2601 2 6 6
8.44439 17.1252 17.1252 2 6 6
8.51601 16.9908 16.9908 2 6 6
8.58979 16.8569 16.8569 2 6 6
8.66584 16.7237 16.7237 2 6 6
8.74424 16.5911 16.5911 2 6 6
8.82512 16.4592 16.4592 2 6 6
8.90858 16.3279 16.3279 2 6 6
8.99475 16.1975 16.1975 2 6 6
9.08375 16.0678 16.0678 2 6 6
9.17571 15.939 15.939 2 6 6
9.27077 15.811 15.811 2 6 6
9.36907 15.6841 15.6841 2 6 6
9.47076 15.5581 15.5581 2 6 6
9.57599 15.4333 15.4333 2 6 6
9.68492 15.3097 15.3097 2 6 6
9.7977 15.1873 15.1873 2 6 6
9.91451 15.0663 15.0663 2 6 6
10.0355 14.9468 14.9468 2 6 6
10.1608 14.8288 14.8288 2 6 6
10.2907 14.7126 14.7126 2 6 6
10.4252 14.5981 14.5981 2 6 6
10.5645 14.4856 14.4856 2 6 6
10.7088 14.3752 14.3752 2 6 6
10.8581 14.267 14.267 2 6 6
11.0126 14.1613 14.1613 2 6 6
11.1724 14.058 14.058 2 6 6
11.3375 13.9575 13.9575 2 6 6
11.508 13.8599 13.8599 2 6 6
11.6838 13.7653 13.7653 2 6 6
11.8648 13.6738 13.6738 2 6 6
12.0511 13.5857 13.5857 2 6 6
12.2426 13.501 13.501 2 6 6
12.4389 13.4199 13.4199 2 6 6
12.6401 13.3424 13.3424 2 6 6
12.8458 13.2687 13.2687 2 6 6
13.0558 13.1988 13.1988 2 6 6
13.2698 13.1326 13.1326 2 6 6
13.4876 13.0703 13.0703 2 6 6
13.709 13.0118 13.0118 2 6 6
13.9335 12.957 12.957 2 6 6
14.1609 12.9059 12.9059 2 6 6
14.3909 12.8584 12.8584 2 6 6
14.6232 12.8144 12.8144 2 6 6
14.8577 12.7738 12.7738 2 6 6
15.094 12.7366 12.7366 2 6 6
15.3319 12.7025 12.7025 2 6 6
15.5712 12.6714 12.6714 2 6 6
15.8118 12.6433 12.6433 2 6 6
16.0534 12.6179 12.6179 2 6 6
16.2959 12.5953 12.5953 2 6 6
16.5392 12.5751 12.5751 2 6 6
16.7831 12.5574 12.5574 2 6 6
17.0275 12.5419 12.5419 2 6 6
17.2724 12.5286 12.5286 2 6 6
17.5176 12.5174 12.5174 2 6 6
17.7631 12.5081 12.5081 2 6 6
18.0088 12.5007 12.5007 2 6 6
18.2547 12.4951 12.4951 2 6 6
18.5007 12.4911 12.4911 2 6 6
18.7467 12.4887 12.4887 2 6 6
18.9928 12.4878 12.4878 2 6 6
19.2389 12.4883 12.4883 2 6 6
19.4849 12.4901 12.4901 2 6 6
19.7309 12.4933 12.4933 2 6 6
19.9768 12.4976 12.4976 2 6 6
20.2227 12.5031 12.5031 2 6 6
20.4684 12.5098 12.5098 2 6 6
20.714 12.5174 12.5174 2 6 6
20.9595 12.5261 12.5261 2 6 6
21.2049 12.5357 12.5357 2 6 6
21.4502 12.5462 12.5462 2 6 6
21.6953 12.5575 12.5575 2 6 6
21.9402 12.5697 12.5697 2 6 6
22.1851 12.5826 12.5826 2 6 6
22.4297 12.5963 12.5963 2 6 6
22.6743 12.6107 12.6107 2 6 6
22.9187 12.6258 12.6258 2 6 6
23.1629 12.6416 12.6416 2 6 6
23.407 12.6579 12.6579 2 6 6
23.6509 12.6749 12.6749 2 6 6
23.8947 12.6924 12.6924 2 6 6
24.1384 12.7104 12.7104 2 6 6
24.3819 12.729 12.729 2 6 6
24.6253 12.7481 12.7481 2 6 6
24.8685 12.7677 12.7677 2 6 6
25.1117 12.7877 12.7877 2 6 6
25.3546 12.8082 12.8082 2 6 6
25.5975 12.829 12.829 2 6 6
25.8402 12.8503 12.8503 2 6 6
26.0828 12.872 12.872 2 6 6
26.3253 12.8941 12.8941 2 6 6
26.5677 12.9165 12.9165 2 6 6
26.8099 12.9393 12.9393 2 6 6
27.0521 12.9624 12.9624 2 6 6
27.2941 12.9858 12.9858 2 6 6
27.536 13.0096 13.0096 2 6 6
27.7778 13.0336 13.0336 2 6 6
28.0195 13.0579 13.0579 2 6 6
28.2611 13.0825 13.0825 2 6 6
28.5027 13.1074 13.1074 2 6 6
28.7441 13.1326 13.1326 2 6 6
28.9854 13.158 13.158 2 6 6
29.2266 13.1836 13.1836 2 6 6
29.4678 13.2094 13.2094 2 6 6
29.7088 13.2355 13.2355 2 6 6
29.9498 13.2618 13.2618 2 6 6
30.1907 13.2884 13.2884 2 6 6
30.4315 13.3151 13.3151 2 6 6
30.6723 13.342 13.342 2 6 6
30.913 13.3691 13.3691 2 6 6
31.1535 13.3964 13.3964 2 6 6
31.3941 13.4239 13.4239 2 6 6
31.6345 13.4515 13.4515 2 6 6
31.8749 13.4793 13.4793 2 6 6
32.1152 13.5073 13.5073 2 6 6
32.3555 13.5354 13.5354 2 6 6
32.5957 13.5637 13.5637 2 6 6
32.8358 13.5921 13.5921 2 6 6
33.0759 13.6207 13.6207 2 6 6
33.3159 13.6494 13.6494 2 6 6
33.5559 13.6783 13.6783 2 6 6
33.7958 13.7072 13.7072 2 6 6
34.0357 13.7363 13.7363 2 6 6
34.2755 13.7656 13.7656 2 6 6
34.5152 13.7949 13.7949 2 6 6
34.7549 13.8244 13.8244 2 6 6
34.9946 13.8539 13.8539 2 6 6
35.2342 13.8836 13.8836 2 6 6
35.4738 13.9134 13.9134 2 6 6
35.7133 13.9433 13.9433 2 6 6
35.9528 13.9733 13.9733 2 6 6
36.1922 14.0034 14.0034 2 6 6
36.4316 14.0336 14.0336 2 6 6
36.671 14.0638 14.0638 2 6 6
36.9103 14.0942 14.0942 2 6 6
37.1496 14.1247 14.1247 2 6 6
37.3889 14.1552 14.1552 2 6 6
37.6281 14.1858 14.1858 2 6 6
37.8673 14.2165 14.2165 2 6 6
38.1064 14.2473 14.2473 2 6 6
38.3455 14.2781 14.2781 2 6 6
38.5846 14.3091 14.3091 2 6 6
38.8237 14.3401 14.3401 2 6 6
39.0627 14.3711 14.3711 2 6 6
39.3017 14.4023 14.4023 2 6 6
39.5407 14.4335 14.4335 2 6 6
39.7796 14.4647 14.4647 2 6 6
40.0185 14.4961 14.4961 2 6 6
40.2574 14.5275 14.5275 2 6 6
40.4963 14.5589 14.5589 2 6 6
40.7351 14.5904 14.5904 2 6 6
40.9739 14.622 14.622 2 6 6
41.2127 14.6536 14.6536 2 6 6
41.4515 14.6853 14.6853 2 6 6
41.6902 14.717 14.717 2 6 6
41.9289 14.7488 14.7488 2 6 6
42.1676 14.7806 14.7806 2 6 6
42.4063 14.8125 14.8125 2 6 6
42.645 14.8444 14.8444 2 6 6
42.8836 14.8763 14.8763 2 6 6
43.1222 14.9084 14.9084 2 6 6
43.3609 14.9404 14.9404 2 6 6
43.5994 14.9725 14.9725 2 6 6
43.838 15.0046 15.0046 2 6 6
44.0766 15.0368 15.0368 2 6 6
44.3151 15.069 15.069 2 6 6
44.5536 15.1013 15.1013 2 6 6
44.7921 15.1336 15.1336 2 6 6
45.0306 15.1659 15.1659 2 6 6
45.2691 15.1983 15.1983 2 6 6
45.5076 15.2307 15.2307 2 6 6
45.746 15.2631 15.2631 2 6 6
45.9844 15.2956 15.2956 2 6 6
46.2229 15.3281 15.3281 2 6 6
46.4613 15.3606 15.3606 2 6 6
46.6997 15.3932 15.3932 2 6 6
46.9381 15.4258 15.4258 2 6 6
47.1764 15.4584 15.4584 2 6 6
47.4148 15.4911 15.4911 2 6 6
47.6531 15.5238 15.5238 2 6 6
47.8915 15.5565 15.5565 2 6 6
48.1298 15.5892 15.5892 2 6 6
48.3681 15.622 15.622 2 6 6
48.6064 15.6547 15.6547 2 6 6
48.8447 15.6876 15.6876 2 6 6
49.083 15.7204 15.7204 2 6 6
49.3213 15.7533 15.7533 2 6 6
49.5596 15.7861 15.7861 2 6 6
49.7979 15.819 15.819 2 6 6
50.0361 15.852 15.852 2 6 6
50.2744 15.8849 15.8849 2 6 6
50.5126 15.9179 15.9179 2 6 6
50.7508 15.9509 15.9509 2 6 6
50.9891 15.9839 15.9839 2 6 6
51.2273 16.0169 16.0169 2 6 6
51.4655 16.05 16.05 2 6 6
51.7037 16.083 16.083 2 6 6
51.9419 16.1161 16.1161 2 6 6
52.1801 16.1492 16.1492 2 6 6
52.4183 16.1823 16.1823 2 6 6
52.6565 16.2155 16.2155 2 6 6
52.8946 16.2486 16.2486 2 6 6
53.1328 16.2818 16.2818 2 6 6
53.371 16.315 16.315 2 6 6
53.6091 16.3482 16.3482 2 6 6
53.8473 16.3814 16.3814 2 6 6
54.0855 16.4146 16.4146 2 6 6
54.3236 16.4478 16.4478 2 6 6
54.5617 16.4811 16.4811 2 6 6
54.7999 16.5144 16.5144 2 6 6
55.038 16.5476 16.5476 2 6 6
55.2761 16.5809 16.5809 2 6 6
55.5143 16.6143 16.6143 2 6 6
55.7524 16.6476 16.6476 2 6 6
55.9905 16.6809 16.6809 2 6 6
56.2286 16.7142 16.7142 2 6 6
56.4667 16.7476 16.7476 2 6 6
56.7049 16.781 16.781 2 6 6
56.943 16.8143 16.8143 2 6 6
57.1811 16.8477 16.8477 2 6 6
57.4192 16.8811 16.8811 2 6 6
57.6573 16.9145 16.9145 2 6 6
57.8954 16.948 16.948 2 6 6
58.1335 16.9814 16.9814 2 6 6
58.3716 17.0148 17.0148 2 6 6
58.6097 17.0483 17.0483 2 6 6
58.8477 17.0817 17.0817 2 6 6
59.0858 17.1152 17.1152 2 6 6
59.3239 17.1487 17.1487 2 6 6
59.562 17.1821 17.1821 2 6 6
59.8001 17.2156 17.2156 2 6 6
60.0382 17.2491 17.2491 2 6 6
60.2762 17.2826 17.2826 2 6 6
60.5143 17.3161 17.3161 2 6 6
60.7524 17.3496 17.3496 2 6 6
60.9905 17.3832 17.3832 2 6 6
61.2286 17.4167 17.4167 2 6 6
61.4666 17.4502 17.4502 2 6 6
61.7047 17.4838 17.4838 2 6 6
61.9428 17.5173 17.5173 2 6 6
62.1809 17.5509 17.5509 2 6 6
62.4189 17.5844 17.5844 2 6 6
62.657 17.618 17.618 2 6 6
62.8951 17.6516 17.6516 2 6 6
63.1331 17.6852 17.6852 2 6 6
63.3712 17.7187 17.7187 2 6 6
63.6093 17.7523 17.7523 2 6 6
63.8474 17.7859 17.7859 2 6 6
64.0854 17.8195 17.8195 2 6 6
64.3235 17.8531 17.8531 2 6 6
64.5616 17.8867 17.8867 2 6 6
64.7996 17.9203 17.9203 2 6 6
65.0377 17.954 17.954 2 6 6
65.2758 17.9876 17.9876 2 6 6
65.5138 18.0212 18.0212 2 6 6
65.7519 18.0548 18.0548 2 6 6
65.99 18.0885 18.0885 2 6 6
66.2281 18.1221 18.1221 2 6 6
66.4661 18.1557 18.1557 2 6 6
66.7042 18.1894 18.1894 2 6 6
66.9423 18.223 18.223 2 6 6
67.1804 18.2567 18.2567 2 6 6
67.4184 18.2903 18.2903 2 6 6
67.6565 18.324 18.324 2 6 6
67.8946 18.3576 18.3576 2 6 6
68.1327 18.3913 18.3913 2 6 6
68.3707 18.4249 18.4249 2 6 6
68.6088 18.4586 18.4586 2 6 6
68.8469 18.4923 18.4923 2 6 6
69.085 18.5259 18.5259 2 6 6
69.3231 18.5596 18.5596 2 6 6
69.5612 18.5933 18.5933 2 6 6
69.7992 18.627 18.627 2 6 6
70.0373 18.6606 18.6606 2 6 6
4.66433 18.6606 18.6606 2 8 6
4.66433 18.6606 18.6606 2 8 6
4.66433 18.6606 18.6606 2 8 6
4.66433 18.6606 18.6606 2 8 6
4.66433 18.6606 18.6606 2 8 6
4.66433 50.5 50.5 2 8 6
4.66476 50.4867 50.4867 2 8 6
4.66562 50.46 50.46 2 8 6
4.66735 50.4067 50.4067 2 8 6
4.67081 50.3 50.3 2 8 6
4.67625 50.1335 50.1335 2 8 6
4.68171 49.967 49.967 2 8 6
4.68721 49.8006 49.8006 2 8 6
4.69275 49.6343 49.6343 2 8 6
4.69832 49.4681 49.4681 2 8 6
4.70392 49.302 49.302 2 8 6
4.70956 49.1359 49.1359 2 8 6
4.71523 48.9699 48.9699 2 8 6
4.72094 48.804 48.804 2 8 6
4.72668 48.6382 48.6382 2 8 6
4.73246 48.4724 48.4724 2 8 6
4.73828 48.3067 48.3067 2 8 6
4.74413 48.1412 48.1412 2 8 6
4.75003 47.9757 47.9757 2 8 6
4.75596 47.8102 47.8102 2 8 6
4.76192 47.6449 47.6449 2 8 6
4.76793 47.4796 47.4796 2 8 6
4.77397 47.3145 47.3145 2 8 6
4.78006 47.1494 47.1494 2 8 6
4.78618 46.9844 46.9844 2 8 6
4.79235 46.8194 46.8194 2 8 6
4.79855 46.6546 46.6546 2 8 6
4.8048 46.4899 46.4899 2 8 6
4.81109 46.3252 46.3252 2 8 6
4.81742 46.1606 46.1606 2 8 6
4.82379 45.9961 45.9961 2 8 6
4.83021 45.8317 45.8317 2 8 6
4.83667 45.6674 45.6674 2 8 6
4.84317 45.5031 45.5031 2 8 6
4.84972 45.339 45.339 2 8 6
4.85631 45.1749 45.1749 2 8 6
4.86295 45.0109 45.0109 2 8 6
4.86963 44.847 44.847 2 8 6
4.87636 44.6832 44.6832 2 8 6
4.88314 44.5195 44.5195 2 8 6
4.88997 44.3559 44.3559 2 8 6
4.89684 44.1923 44.1923 2 8 6
4.90376 44.0289 44.0289 2 8 6
4.91073 43.8655 43.8655 2 8 6
4.91775 43.7022 43.7022 2 8 6
4.92483 43.539 43.539 2 8 6
4.93195 43.3759 43.3759 2 8 6
4.93912 43.2129 43.2129 2 8 6
4.94635 43.05 43.05 2 8 6
4.95363 42.8872 42.8872 2 8 6
4.96096 42.7245 42.7245 2 8 6
4.96835 42.5618 42.5618 2 8 6
4.97579 42.3993 42.3993 2 8 6
4.98328 42.2368 42.2368 2 8 6
4.99084 42.0745 42.0745 2 8 6
4.99845 41.9122 41.9122 2 8 6
5.00611 41.75 41.75 2 8 6
5.01384 41.5879 41.5879 2 8 6
5.02162 41.426 41.426 2 8 6
5.02947 41.2641 41.2641 2 8 6
5.03737 41.1023 41.1023 2 8 6
5.04534 40.9406 40.9406 2 8 6
5.05337 40.779 40.779 2 8 6
5.06146 40.6175 40.6175 2 8 6
5.06961 40.4561 40.4561 2 8 6
5.07783 40.2947 40.2947 2 8 6
5.08611 40.1335 40.1335 2 8 6
5.09446 39.9724 39.9724 2 8 6
5.10288 39.8114 39.8114 2 8 6
5.11137 39.6505 39.6505 2 8 6
5.11992 39.4896 39.4896 2 8 6
5.12854 39.3289 39.3289 2 8 6
5.13724 39.1683 39.1683 2 8 6
5.146 39.0078 39.0078 2 8 6
5.15484 38.8473 38.8473 2 8 6
5.16375 38.687 38.687 2 8 6
5.17274 38.5268 38.5268 2 8 6
5.1818 38.3667 38.3667 2 8 6
5.19094 38.2067 38.2067 2 8 6
5.20015 38.0467 38.0467 2 8 6
5.20945 37.8869 37.8869 2 8 6
5.21882 37.7272 37.7272 2 8 6
5.22828 37.5676 37.5676 2 8 6
5.23781 37.4081 37.4081 2 8 6
5.24743 37.2487 37.2487 2 8 6
5.25714 37.0894 37.0894 2 8 6
5.26693 36.9303 36.9303 2 8 6
5.27681 36.7712 36.7712 2 8 6
5.28677 36.6122 36.6122 2 8 6
5.29683 36.4533 36.4533 2 8 6
5.30698 36.2946 36.2946 2 8 6
5.31721 36.1359 36.1359 2 8 6
5.32754 35.9774 35.9774 2 8 6
5.33797 35.819 35.819 2 8 6
5.34849 35.6606 35.6606 2 8 6
5.35912 35.5024 35.5024 2 8 6
5.36984 35.3443 35.3443 2 8 6
5.38066 35.1863 35.1863 2 8 6
5.39158 35.0285 35.0285 2 8 6
5.40261 34.8707 34.8707 2 8 6
5.41374 34.713 34.713 2 8 6
5.42498 34.5555 34.5555 2 8 6
5.43633 34.3981 34.3981 2 8 6
5.44779 34.2408 34.2408 2 8 6
5.45936 34.0836 34.0836 2 8 6
5.47105 33.9265 33.9265 2 8 6
5.48285 33.7695 33.7695 2 8 6
5.49477 33.6127 33.6127 2 8 6
5.50681 33.4559 33.4559 2 8 6
5.51897 33.2993 33.2993 2 8 6
5.53126 33.1428 33.1428 2 8 6
5.54367 32.9864 32.9864 2 8 6
5.55621 32.8302 32.8302 2 8 6
5.56888 32.674 32.674 2 8 6
5.58168 32.518 32.518 2 8 6
5.59462 32.3621 32.3621 2 8 6
5.6077 32.2064 32.2064 2 8 6
5.62091 32.0507 32.0507 2 8 6
5.63427 31.8952 31.8952 2 8 6
5.64777 31.7398 31.7398 2 8 6
5.66141 31.5845 31.5845 2 8 6
5.67521 31.4293 31.4293 2 8 6
5.68916 31.2743 31.2743 2 8 6
5.70327 31.1194 31.1194 2 8 6
5.71753 30.9646 30.9646 2 8 6
5.73195 30.81 30.81 2 8 6
5.74654 30.6554 30.6554 2 8 6
5.76129 30.501 30.501 2 8 6
5.77621 30.3468 30.3468 2 8 6
5.79131 30.1926 30.1926 2 8 6
5.80658 30.0386 30.0386 2 8 6
5.82204 29.8848 29.8848 2 8 6
5.83767 29.731 29.731 2 8 6
5.85349 29.5774 29.5774 2 8 6
5.86951 29.424 29.424 2 8 6
5.88571 29.2706 29.2706 2 8 6
5.90212 29.1174 29.1174 2 8 6
5.91873 28.9644 28.9644 2 8 6
5.93554 28.8115 28.8115 2 8 6
5.95256 28.6587 28.6587 2 8 6
5.9698 28.506 28.506 2 8 6
5.98726 28.3535 28.3535 2 8 6
6.00494 28.2012 28.2012 2 8 6
6.02285 28.049 28.049 2 8 6
6.04099 27.8969 27.8969 2 8 6
6.05937 27.7449 27.7449 2 8 6
6.07799 27.5932 27.5932 2 8 6
6.09686 27.4415 27.4415 2 8 6
6.11598 27.29 27.29 2 8 6
6.13537 27.1387 27.1387 2 8 6
6.15502 26.9875 26.9875 2 8 6
6.17494 26.8365 26.8365 2 8 6
6.19513 26.6856 26.6856 2 8 6
6.21561 26.5348 26.5348 2 8 6
6.23638 26.3843 26.3843 2 8 6
6.25745 26.2338 26.2338 2 8 6
6.27882 26.0836 26.0836 2 8 6
6.3005 25.9335 25.9335 2 8 6
6.3225 25.7835 25.7835 2 8 6
6.34482 25.6337 25.6337 2 8 6
6.36748 25.4841 25.4841 2 8 6
6.39048 25.3346 25.3346 2 8 6
6.41383 25.1853 25.1853 2 8 6
6.43753 25.0362 25.0362 2 8 6
6.46161 24.8872 24.8872 2 8 6
6.48606 24.7384 24.7384 2 8 6
6.5109 24.5898 24.5898 2 8 6
6.53614 24.4414 24.4414 2 8 6
6.56178 24.2931 24.2931 2 8 6
6.58784 24.145 24.145 2 8 6
6.61433 23.9971 23.9971 2 8 6
6.64125 23.8493 23.8493 2 8 6
6.66863 23.7018 23.7018 2 8 6
6.69648 23.5544 23.5544 2 8 6
6.7248 23.4072 23.4072 2 8 6
6.75361 23.2602 23.2602 2 8 6
6.78293 23.1134 23.1134 2 8 6
6.81277 22.9668 22.9668 2 8 6
6.84314 22.8204 22.8204 2 8 6
6.87405 22.6742 22.6742 2 8 6
6.90554 22.5282 22.5282 2 8 6
6.9376 22.3824 22.3824 2 8 6
6.97027 22.2368 22.2368 2 8 6
7.00355 22.0914 22.0914 2 8 6
7.03747 21.9462 21.9462 2 8 6
7.07205 21.8013 21.8013 2 8 6
7.1073 21.6566 21.6566 2 8 6
7.14325 21.5121 21.5121 2 8 6
7.17992 21.3678 21.3678 2 8 6
7.21734 21.2237 21.2237 2 8 6
7.25553 21.0799 21.0799 2 8 6
7.29451 20.9364 20.9364 2 8 6
7.33431 20.793 20.793 2 8 6
7.37495 20.65 20.65 2 8 6
7.41648 20.5072 20.5072 2 8 6
7.45891 20.3646 20.3646 2 8 6
7.50229 20.2224 20.2224 2 8 6
7.54664 20.0804 20.0804 2 8 6
7.59199 19.9387 19.9387 2 8 6
7.6384 19.7973 19.7973 2 8 6
7.68588 19.6561 19.6561 2 8 6
7.73449 19.5153 19.5153 2 8 6
7.78427 19.3748 19.3748 2 8 6
7.83526 19.2347 19.2347 2 8 6
7.8875 19.0948 19.0948 2 8 6
7.94106 18.9553 18.9553 2 8 6
7.99597 18.8162 18.8162 2 8 6
8.05229 18.6774 18.6774 2 8 6
8.11009 18.5391 18.5391 2 8 6
8.16942 18.4011 18.4011 2 8 6
8.23034 18.2635 18.2635 2 8 6
8.29292 18.1264 18.1264 2 8 6
8.35723 17.9897 17.9897 2 8 6
8.42334 17.8535 17.8535 2 8 6
8.49134 17.7178 17.7178 2 8 6
8.5613 17.5826 17.5826 2 8 6
8.63331 17.4479 17.4479 2 8 6
8.70746 17.3138 17.3138 2 8 6
8.78385 17.1803 17.1803 2 8 6
8.86257 17.0475 17.0475 2 8 6
8.94374 16.9153 16.9153 2 8 6
9.02745 16.7838 16.7838 2 8 6
9.11383 16.653 16.653 2 8 6
9.203 16.523 16.523 2 8 6
9.29509 16.3939 16.3939 2 8 6
9.39022 16.2657 16.2657 2 8 6
9.48853 16.1384 16.1384 2 8 6
9.59017 16.0121 16.0121 2 8 6
9.69527 15.887 15.887 2 8 6
9.804 15.763 15.763 2 8 6
9.91651 15.6402 15.6402 2 8 6
10.0329 15.5187 15.5187 2 8 6
10.1535 15.3987 15.3987 2 8 6
10.2782 15.2803 15.2803 2 8 6
10.4074 15.1635 15.1635 2 8 6
10.5411 15.0484 15.0484 2 8 6
10.6795 14.9352 14.9352 2 8 6
10.8228 14.8241 14.8241 2 8 6
10.9709 14.7152 14.7152 2 8 6
11.1242 14.6085 14.6085 2 8 6
11.2825 14.5043 14.5043 2 8 6
11.4461 14.4028 14.4028 2 8 6
11.6149 14.304 14.304 2 8 6
11.7889 14.2081 14.2081 2 8 6
11.9681 14.1154 14.1154 2 8 6
12.1525 14.0258 14.0258 2 8 6
12.3419 13.9395 13.9395 2 8 6
12.5363 13.8567 13.8567 2 8 6
12.7354 13.7775 13.7775 2 8 6
12.939 13.7019 13.7019 2 8 6
13.147 13.63 13.63 2 8 6
13.359 13.5618 13.5618 2 8 6
13.5749 13.4973 13.4973 2 8 6
13.7944 13.4366 13.4366 2 8 6
14.0171 13.3796 13.3796 2 8 6
14.2429 13.3262 13.3262 2 8 6
14.4713 13.2764 13.2764 2 8 6
14.7022 13.2301 13.2301 2 8 6
14.9353 13.1872 13.1872 2 8 6
15.1704 13.1476 13.1476 2 8 6
15.4072 13.1113 13.1113 2 8 6
15.6456 13.0779 13.0779 2 8 6
15.8852 13.0476 13.0476 2 8 6
16.1261 13.0201 13.0201 2 8 6
16.3679 12.9952 12.9952 2 8 6
16.6106 12.973 12.973 2 8 6
16.8539 12.9532 12.9532 2 8 6
17.098 12.9357 12.9357 2 8 6
17.3425 12.9205 12.9205 2 8 6
17.5874 12.9074 12.9074 2 8 6
17.8327 12.8963 12.8963 2 8 6
18.0782 12.8871 12.8871 2 8 6
18.3239 12.8797 12.8797 2 8 6
18.5698 12.874 12.874 2 8 6
18.8158 12.87 12.87 2 8 6
19.0619 12.8675 12.8675 2 8 6
19.308 12.8665 12.8665 2 8 6
19.5541 12.8669 12.8669 2 8 6
19.8001 12.8686 12.8686 2 8 6
20.0462 12.8716 12.8716 2 8 6
20.2921 12.8757 12.8757 2 8 6
20.538 12.8811 12.8811 2 8 6
20.7838 12.8875 12.8875 2 8 6
21.0295 12.8949 12.8949 2 8 6
21.2751 12.9033 12.9033 2 8 6
21.5205 12.9127 12.9127 2 8 6
21.7658 12.9229 12.9229 2 8 6
22.011 12.934 12.934 2 8 6
22.2561 12.946 12.946 2 8 6
22.501 12.9587 12.9587 2 8 6
22.7458 12.9721 12.9721 2 8 6
22.9904 12.9862 12.9862 2 8 6
23.2349 13.0011 13.0011 2 8 6
23.4792 13.0166 13.0166 2 8 6
23.7234 13.0327 13.0327 2 8 6
23.9675 13.0494 13.0494 2 8 6
24.2114 13.0666 13.0666 2 8 6
24.4552 13.0844 13.0844 2 8 6
24.6988 13.1028 13.1028 2 8 6
24.9423 13.1216 13.1216 2 8 6
25.1857 13.1409 13.1409 2 8 6
25.429 13.1607 13.1607 2 8 6
25.6721 13.1809 13.1809 2 8 6
25.915 13.2016 13.2016 2 8 6
26.1579 13.2227 13.2227 2 8 6
26.4006 13.2441 13.2441 2 8 6
26.6433 13.266 13.266 2 8 6
26.8858 13.2882 13.2882 2 8 6
27.1281 13.3107 13.3107 2 8 6
27.3704 13.3336 13.3336 2 8 6
27.6126 13.3569 13.3569 2 8 6
27.8546 13.3804 13.3804 2 8 6
28.0966 13.4043 13.4043 2 8 6
28.3384 13.4284 13.4284 2 8 6
28.5802 13.4529 13.4529 2 8 6
28.8218 13.4776 13.4776 2 8 6
29.0634 13.5025 13.5025 2 8 6
29.3048 13.5277 13.5277 2 8 6
29.5462 13.5532 13.5532 2 8 6
29.7875 13.5789 13.5789 2 8 6
30.0287 13.6049 13.6049 2 8 6
30.2698 13.631 13.631 2 8 6
30.5108 13.6574 13.6574 2 8 6
30.7518 13.684 13.684 2 8 6
30.9926 13.7108 13.7108 2 8 6
31.2334 13.7377 13.7377 2 8 6
31.4742 13.7649 13.7649 2 8 6
31.7148 13.7923 13.7923 2 8 6
31.9554 13.8198 13.8198 2 8 6
32.1959 13.8475 13.8475 2 8 6
32.4363 13.8754 13.8754 2 8 6
32.6767 13.9034 13.9034 2 8 6
32.917 13.9316 13.9316 2 8 6
33.1573 13.96 13.96 2 8 6
33.3975 13.9884 13.9884 2 8 6
33.6376 14.0171 14.0171 2 8 6
33.8777 14.0458 14.0458 2 8 6
34.1177 14.0748 14.0748 2 8 6
34.3577 14.1038 14.1038 2 8 6
34.5976 14.133 14.133 2 8 6
34.8375 14.1623 14.1623 2 8 6
35.0773 14.1917 14.1917 2 8 6
35.3171 14.2212 14.2212 2 8 6
35.5568 14.2508 14.2508 2 8 6
35.7965 14.2806 14.2806 2 8 6
36.0361 14.3104 14.3104 2 8 6
36.2757 14.3404 14.3404 2 8 6
36.5152 14.3705 14.3705 2 8 6
36.7547 14.4006 14.4006 2 8 6
36.9942 14.4309 14.4309 2 8 6
37.2336 14.4612 14.4612 2 8 6
37.473 14.4917 14.4917 2 8 6
37.7124 14.5222 14.5222 2 8 6
37.9517 14.5528 14.5528 2 8 6
38.1909 14.5835 14.5835 2 8 6
38.4302 14.6143 14.6143 2 8 6
38.6694 14.6452 14.6452 2 8 6
38.9086 14.6761 14.6761 2 8 6
39.1477 14.7071 14.7071 2 8 6
39.3868 14.7382 14.7382 2 8 6
39.6259 14.7694 14.7694 2 8 6
39.8649 14.8006 14.8006 2 8 6
40.104 14.8319 14.8319 2 8 6
40.343 14.8633 14.8633 2 8 6
40.5819 14.8947 14.8947 2 8 6
40.8209 14.9262 14.9262 2 8 6
41.0598 14.9578 14.9578 2 8 6
41.2987 14.9894 14.9894 2 8 6
41.5375 15.021 15.021 2 8 6
41.7764 15.0528 15.0528 2 8 6
42.0152 15.0846 15.0846 2 8 6
42.254 15.1164 15.1164 2 8 6
42.4927 15.1483 15.1483 2 8 6
42.7315 15.1802 15.1802 2 8 6
42.9702 15.2122 15.2122 2 8 6
43.2089 15.2443 15.2443 2 8 6
43.4476 15.2764 15.2764 2 8 6
43.6863 15.3085 15.3085 2 8 6
43.9249 15.3407 15.3407 2 8 6
44.1636 15.3729 15.3729 2 8 6
44.4022 15.4052 15.4052 2 8 6
44.6408 15.4375 15.4375 2 8 6
44.8793 15.4699 15.4699 2 8 6
45.1179 15.5023 15.5023 2 8 6
45.3564 15.5347 15.5347 2 8 6
45.595 15.5672 15.5672 2 8 6
45.8335 15.5997 15.5997 2 8 6
46.072 15.6322 15.6322 2 8 6
46.3105 15.6648 15.6648 2 8 6
46.5489 15.6974 15.6974 2 8 6
46.7874 15.7301 15.7301 2 8 6
47.0258 15.7628 15.7628 2 8 6
47.2643 15.7955 15.7955 2 8 6
47.5027 15.8283 15.8283 2 8 6
47.7411 15.861 15.861 2 8 6
47.9795 15.8939 15.8939 2 8 6
48.2178 15.9267 15.9267 2 8 6
48.4562 15.9596 15.9596 2 8 6
48.6946 15.9925 15.9925 2 8 6
48.9329 16.0254 16.0254 2 8 6
49.1713 16.0584 16.0584 2 8 6
49.4096 16.0914 16.0914 2 8 6
49.6479 16.1244 16.1244 2 8 6
49.8862 16.1574 16.1574 2 8 6
50.1245 16.1905 16.1905 2 8 6
50.3628 16.2236 16.2236 2 8 6
50.6011 16.2567 16.2567 2 8 6
50.8393 16.2898 16.2898 2 8 6
51.0776 16.323 16.323 2 8 6
51.3158 16.3561 16.3561 2 8 6
51.5541 16.3893 16.3893 2 8 6
51.7923 16.4226 16.4226 2 8 6
52.0306 16.4558 16.4558 2 8 6
52.2688 16.4891 16.4891 2 8 6
52.507 16.5224 16.5224 2 8 6
52.7452 16.5557 16.5557 2 8 6
52.9834 16.589 16.589 2 8 6
53.2216 16.6223 16.6223 2 8 6
53.4598 16.6557 16.6557 2 8 6
53.698 16.6891 16.6891 2 8 6
53.9362 16.7224 16.7224 2 8 6
54.1743 16.7559 16.7559 2 8 6
54.4125 16.7893 16.7893 2 8 6
54.6506 16.8227 16.8227 2 8 6
54.8888 16.8562 16.8562 2 8 6
55.127 16.8897 16.8897 2 8 6
55.3651 16.9232 16.9232 2 8 6
55.6032 16.9567 16.9567 2 8 6
55.8414 16.9902 16.9902 2 8 6
56.0795 17.0237 17.0237 2 8 6
56.3176 17.0573 17.0573 2 8 6
56.5558 17.0908 17.0908 2 8 6
56.7939 17.1244 17.1244 2 8 6
57.032 17.158 17.158 2 8 6
57.2701 17.1916 17.1916 2 8 6
57.5082 17.2252 17.2252 2 8 6
57.7463 17.2588 17.2588 2 8 6
57.9844 17.2925 17.2925 2 8 6
58.2225 17.3261 17.3261 2 8 6
58.4606 17.3598 17.3598 2 8 6
58.6987 17.3934 17.3934 2 8 6
58.9368 17.4271 17.4271 2 8 6
59.1749 17.4608 17.4608 2 8 6
59.413 17.4945 17.4945 2 8 6
59.651 17.5282 17.5282 2 8 6
59.8891 17.562 17.562 2 8 6
60.1272 17.5957 17.5957 2 8 6
60.3653 17.6294 17.6294 2 8 6
60.6034 17.6632 17.6632 2 8 6
60.8414 17.6969 17.6969 2 8 6
61.0795 17.7307 17.7307 2 8 6
61.3176 17.7645 17.7645 2 8 6
61.5556 17.7983 17.7983 2 8 6
61.7937 17.8321 17.8321 2 8 6
62.0318 17.8659 17.8659 2 8 6
62.2698 17.8997 17.8997 2 8 6
62.5079 17.9335 17.9335 2 8 6
62.7459 17.9673 17.9673 2 8 6
62.984 18.0012 18.0012 2 8 6
63.2221 18.035 18.035 2 8 6
63.4601 18.0688 18.0688 2 8 6
63.6982 18.1027 18.1027 2 8 6
63.9362 18.1366 18.1366 2 8 6
64.1743 18.1704 18.1704 2 8 6
64.4123 18.2043 18.2043 2 8 6
64.6504 18.2382 18.2382 2 8 6
64.8884 18.2721 18.2721 2 8 6
65.1265 18.306 18.306 2 8 6
65.3645 18.3399 18.3399 2 8 6
65.6026 18.3738 18.3738 2 8 6
65.8406 18.4077 18.4077 2 8 6
66.0787 18.4416 18.4416 2 8 6
66.3167 18.4755 18.4755 2 8 6
66.5548 18.5094 18.5094 2 8 6
66.7928 18.5433 18.5433 2 8 6
67.0309 18.5773 18.5773 2 8 6
67.2689 18.6112 18.6112 2 8 6
67.507 18.6452 18.6452 2 8 6
67.745 18.6791 18.6791 2 8 6
67.9831 18.7131 18.7131 2 8 6
68.2211 18.747 18.747 2 8 6
68.4592 18.781 18.781 2 8 6
68.6972 18.8149 18.8149 2 8 6
68.9353 18.8489 18.8489 2 8 6
69.1733 18.8829 18.8829 2 8 6
69.4114 18.9169 18.9169 2 8 6
69.6494 18.9508 18.9508 2 8 6
69.8875 18.9848 18.9848 2 8 6
70.1255 19.0188 19.0188 2 8 6
4.66433 19.0188 19.0188 2 9 6
4.66433 19.0188 19.0188 2 9 6
4.66433 19.0188 19.0188 2 9 6
4.66433 19.0188 19.0188 2 9 6
4.66433 19.0188 19.0188 2 9 6
4.66433 50.5 50.5 2 9 6
4.6639 50.5133 50.5133 2 9 6
4.66304 50.54 50.54 2 9 6
4.66133 50.5934 50.5934 2 9 6
4.6579 50.7001 50.7001 2 9 6
4.65258 50.8669 50.8669 2 9 6
4.64729 51.0338 51.0338 2 9 6
4.64202 51.2007 51.2007 2 9 6
4.63679 51.3678 51.3678 2 9 6
4.6316 51.5349 51.5349 2 9 6
4.62643 51.7021 51.7021 2 9 6
4.62129 51.8694 51.8694 2 9 6
4.61618 52.0367 52.0367 2 9 6
4.6111 52.2041 52.2041 2 9 6
4.60605 52.3716 52.3716 2 9 6
4.60103 52.5392 52.5392 2 9 6
4.59604 52.7069 52.7069 2 9 6
4.59108 52.8746 52.8746 2 9 6
4.58614 53.0424 53.0424 2 9 6
4.58123 53.2103 53.2103 2 9 6
4.57635 53.3782 53.3782 2 9 6
4.5715 53.5462 53.5462 2 9 6
4.56668 53.7143 53.7143 2 9 6
4.56188 53.8825 53.8825 2 9 6
4.55711 54.0507 54.0507 2 9 6
4.55236 54.219 54.219 2 9 6
4.54765 54.3874 54.3874 2 9 6
4.54295 54.5559 54.5559 2 9 6
4.53829 54.7244 54.7244 2 9 6
4.53365 54.893 54.893 2 9 6
4.52903 55.0617 55.0617 2 9 6
4.52444 55.2304 55.2304 2 9 6
4.51987 55.3993 55.3993 2 9 6
4.51533 55.5682 55.5682 2 9 6
4.51082 55.7371 55.7371 2 9 6
4.50632 55.9061 55.9061 2 9 6
4.50185 56.0753 56.0753 2 9 6
4.49741 56.2444 56.2444 2 9 6
4.49299 56.4137 56.4137 2 9 6
4.48859 56.583 56.583 2 9 6
4.48422 56.7524 56.7524 2 9 6
4.47986 56.9218 56.9218 2 9 6
4.47554 57.0913 57.0913 2 9 6
4.47123 57.2609 57.2609 2 9 6
4.46695 57.4306 57.4306 2 9 6
4.46268 57.6003 57.6003 2 9 6
4.45844 57.7701 57.7701 2 9 6
4.45423 57.94 57.94 2 9 6
4.45003 58.1099 58.1099 2 9 6
4.44586 58.2799 58.2799 2 9 6
4.4417 58.45 58.45 2 9 6
4.43757 58.6201 58.6201 2 9 6
4.43346 58.7903 58.7903 2 9 6
4.42937 58.9606 58.9606 2 9 6
4.4253 59.1309 59.1309 2 9 6
4.42125 59.3013 59.3013 2 9 6
4.41722 59.4718 59.4718 2 9 6
4.41321 59.6424 59.6424 2 9 6
4.40922 59.813 59.813 2 9 6
4.40525 59.9836 59.9836 2 9 6
4.4013 60.1544 60.1544 2 9 6
4.39737 60.3252 60.3252 2 9 6
4.39346 60.496 60.496 2 9 6
4.38956 60.667 60.667 2 9 6
4.38569 60.838 60.838 2 9 6
4.38183 61.009 61.009 2 9 6
4.378 61.1802 61.1802 2 9 6
4.37418 61.3513 61.3513 2 9 6
4.37038 61.5226 61.5226 2 9 6
4.3666 61.6939 61.6939 2 9 6
4.36284 61.8653 61.8653 2 9 6
4.35909 62.0368 62.0368 2 9 6
4.35537 62.2083 62.2083 2 9 6
4.35166 62.3798 62.3798 2 9 6
4.34797 62.5515 62.5515 2 9 6
4.34429 62.7232 62.7232 2 9 6
4.34063 62.8949 62.8949 2 9 6
4.33699 63.0668 63.0668 2 9 6
4.33337 63.2387 63.2387 2 9 6
4.32976 63.4106 63.4106 2 9 6
4.32617 63.5826 63.5826 2 9 6
4.3226 63.7547 63.7547 2 9 6
4.31904 63.9268 63.9268 2 9 6
4.3155 64.099 64.099 2 9 6
4.31198 64.2713 64.2713 2 9 6
4.30847 64.4436 64.4436 2 9 6
4.30498 64.616 64.616 2 9 6
4.30151 64.7885 64.7885 2 9 6
4.29805 64.961 64.961 2 9 6
4.2946 65.1335 65.1335 2 9 6
4.29117 65.3062 65.3062 2 9 6
4.28776 65.4789 65.4789 2 9 6
4.28436 65.6516 65.6516 2 9 6
4.28098 65.8244 65.8244 2 9 6
4.27761 65.9973 65.9973 2 9 6
4.27426 66.1702 66.1702 2 9 6
4.27092 66.3432 66.3432 2 9 6
4.26759 66.5163 66.5163 2 9 6
4.26428 66.6894 66.6894 2 9 6
4.26099 66.8625 66.8625 2 9 6
4.25771 67.0358 67.0358 2 9 6
4.25444 67.209 67.209 2 9 6
4.25119 67.3824 67.3824 2 9 6
4.24796 67.5558 67.5558 2 9 6
4.24473 67.7292 67.7292 2 9 6
4.24152 67.9028 67.9028 2 9 6
4.23833 68.0763 68.0763 2 9 6
4.23515 68.25 68.25 2 9 6
4.23198 68.4237 68.4237 2 9 6
4.22882 68.5974 68.5974 2 9 6
4.22568 68.7712 68.7712 2 9 6
4.22255 68.9451 68.9451 2 9 6
4.21944 69.119 69.119 2 9 6
4.21634 69.293 69.293 2 9 6
4.21325 69.467 69.467 2 9 6
4.21017 69.6411 69.6411 2 9 6
4.20711 69.8153 69.8153 2 9 6
4.20406 69.9895 69.9895 2 9 6
4.20102 70.1637 70.1637 2 9 6
4.198 70.3381 70.3381 2 9 6
4.19499 70.5124 70.5124 2 9 6
4.19199 70.6869 70.6869 2 9 6
4.189 70.8614 70.8614 2 9 6
4.18603 71.0359 71.0359 2 9 6
4.18306 71.2105 71.2105 2 9 6
4.18011 71.3852 71.3852 2 9 6
4.17717 71.5599 71.5599 2 9 6
4.17425 71.7346 71.7346 2 9 6
4.17133 71.9094 71.9094 2 9 6
4.16843 72.0843 72.0843 2 9 6
4.16554 72.2593 72.2593 2 9 6
4.16266 72.4342 72.4342 2 9 6
4.15979 72.6093 72.6093 2 9 6
4.15693 72.7844 72.7844 2 9 6
4.15409 72.9595 72.9595 2 9 6
4.15126 73.1347 73.1347 2 9 6
4.14843 73.31 73.31 2 9 6
4.14562 73.4853 73.4853 2 9 6
4.14282 73.6606 73.6606 2 9 6
4.14003 73.8361 73.8361 2 9 6
4.13725 74.0115 74.0115 2 9 6
4.13449 74.187 74.187 2 9 6
4.13173 74.3626 74.3626 2 9 6
4.12898 74.5382 74.5382 2 9 6
4.12625 74.7139 74.7139 2 9 6
4.12353 74.8897 74.8897 2 9 6
4.12081 75.0654 75.0654 2 9 6
4.11811 75.2413 75.2413 2 9 6
4.11542 75.4172 75.4172 2 9 6
4.11273 75.5931 75.5931 2 9 6
4.11006 75.7691 75.7691 2 9 6
4.1074 75.9452 75.9452 2 9 6
4.10475 76.1213 76.1213 2 9 6
4.1021 76.2974 76.2974 2 9 6
4.09947 76.4736 76.4736 2 9 6
4.09685 76.6499 76.6499 2 9 6
4.09424 76.8262 76.8262 2 9 6
4.09164 77.0025 77.0025 2 9 6
4.08905 77.1789 77.1789 2 9 6
4.08646 77.3554 77.3554 2 9 6
4.08389 77.5319 77.5319 2 9 6
4.08133 77.7085 77.7085 2 9 6
4.07877 77.8851 77.8851 2 9 6
4.07623 78.0617 78.0617 2 9 6
4.07369 78.2384 78.2384 2 9 6
4.07117 78.4152 78.4152 2 9 6
4.06865 78.592 78.592 2 9 6
4.06615 78.7689 78.7689 2 9 6
4.06365 78.9458 78.9458 2 9 6
4.06116 79.1228 79.1228 2 9 6
4.05868 79.2998 79.2998 2 9 6
4.05621 79.4768 79.4768 2 9 6
4.05375 79.6539 79.6539 2 9 6
4.0513 79.8311 79.8311 2 9 6
4.04885 80.0083 80.0083 2 9 6
4.04642 80.1856 80.1856 2 9 6
4.04399 80.3629 80.3629 2 9 6
4.04158 80.5402 80.5402 2 9 6
4.03917 80.7176 80.7176 2 9 6
4.03677 80.8951 80.8951 2 9 6
4.03438 81.0726 81.0726 2 9 6
4.03199 81.2502 81.2502 2 9 6
4.02962 81.4278 81.4278 2 9 6
4.02725 81.6054 81.6054 2 9 6
4.0249 81.7831 81.7831 2 9 6
4.02255 81.9608 81.9608 2 9 6
4.02021 82.1386 82.1386 2 9 6
4.01787 82.3165 82.3165 2 9 6
4.01555 82.4944 82.4944 2 9 6
4.01323 82.6723 82.6723 2 9 6
4.01092 82.8503 82.8503 2 9 6
4.00862 83.0283 83.0283 2 9 6
4.00633 83.2064 83.2064 2 9 6
4.00405 83.3845 83.3845 2 9 6
4.00177 83.5627 83.5627 2 9 6
3.9995 83.7409 83.7409 2 9 6
3.99724 83.9192 83.9192 2 9 6
3.99499 84.0975 84.0975 2 9 6
3.99274 84.2758 84.2758 2 9 6
3.99051 84.4543 84.4543 2 9 6
3.98828 84.6327 84.6327 2 9 6
3.98606 84.8112 84.8112 2 9 6
3.98384 84.9897 84.9897 2 9 6
3.98163 85.1683 85.1683 2 9 6
3.97943 85.347 85.347 2 9 6
3.97724 85.5257 85.5257 2 9 6
3.97506 85.7044 85.7044 2 9 6
3.97288 85.8832 85.8832 2 9 6
3.97071 86.062 86.062 2 9 6
3.96855 86.2409 86.2409 2 9 6
3.96639 86.4198 86.4198 2 9 6
3.96424 86.5987 86.5987 2 9 6
3.9621 86.7777 86.7777 2 9 6
3.95997 86.9568 86.9568 2 9 6
3.95784 87.1359 87.1359 2 9 6
3.95572 87.315 87.315 2 9 6
3.9536 87.4942 87.4942 2 9 6
3.9515 87.6734 87.6734 2 9 6
3.9494 87.8527 87.8527 2 9 6
3.94731 88.032 88.032 2 9 6
3.94522 88.2114 88.2114 2 9 6
3.94314 88.3908 88.3908 2 9 6
3.94107 88.5702 88.5702 2 9 6
3.939 88.7497 88.7497 2 9 6
3.93695 88.9292 88.9292 2 9 6
3.93489 89.1088 89.1088 2 9 6
3.93285 89.2885 89.2885 2 9 6
3.93081 89.4681 89.4681 2 9 6
3.92878 89.6478 89.6478 2 9 6
3.92675 89.8276 89.8276 2 9 6
3.92473 90.0074 90.0074 2 9 6
3.92272 90.1872 90.1872 2 9 6
3.92071 90.3671 90.3671 2 9 6
3.91871 90.5471 90.5471 2 9 6
3.91672 90.727 90.727 2 9 6
3.91473 90.907 90.907 2 9 6
3.91275 91.0871 91.0871 2 9 6
3.91078 91.2672 91.2672 2 9 6
3.90881 91.4474 91.4474 2 9 6
3.90685 91.6275 91.6275 2 9 6
3.90489 91.8078 91.8078 2 9 6
3.90294 91.988 91.988 2 9 6
3.901 92.1684 92.1684 2 9 6
3.89906 92.3487 92.3487 2 9 6
3.89713 92.5291 92.5291 2 9 6
3.8952 92.7096 92.7096 2 9 6
3.89328 92.8901 92.8901 2 9 6
3.89137 93.0706 93.0706 2 9 6
3.88946 93.2512 93.2512 2 9 6
3.88756 93.4318 93.4318 2 9 6
3.88566 93.6124 93.6124 2 9 6
3.88377 93.7931 93.7931 2 9 6
3.88189 93.9738 93.9738 2 9 6
3.88001 94.1546 94.1546 2 9 6
3.87813 94.3354 94.3354 2 9 6
3.87627 94.5163 94.5163 2 9 6
3.8744 94.6972 94.6972 2 9 6
3.87255 94.8781 94.8781 2 9 6
3.8707 95.0591 95.0591 2 9 6
3.86885 95.2402 95.2402 2 9 6
3.86701 95.4212 95.4212 2 9 6
3.86518 95.6023 95.6023 2 9 6
3.86335 95.7835 95.7835 2 9 6
3.86153 95.9647 95.9647 2 9 6
3.85971 96.1459 96.1459 2 9 6
3.8579 96.3272 96.3272 2 9 6
3.85609 96.5085 96.5085 2 9 6
3.85429 96.6898 96.6898 2 9 6
3.8525 96.8712 96.8712 2 9 6
3.85071 97.0527 97.0527 2 9 6
3.84892 97.2341 97.2341 2 9 6
3.84714 97.4156 97.4156 2 9 6
3.84537 97.5972 97.5972 2 9 6
3.8436 97.7788 97.7788 2 9 6
3.84183 97.9604 97.9604 2 9 6
3.84007 98.1421 98.1421 2 9 6
3.83832 98.3238 98.3238 2 9 6
3.83657 98.5055 98.5055 2 9 6
3.83483 98.6873 98.6873 2 9 6
3.83309 98.8692 98.8692 2 9 6
3.83135 99.051 99.051 2 9 6
3.82963 99.2329 99.2329 2 9 6
3.8279 99.4149 99.4149 2 9 6
3.82618 99.5969 99.5969 2 9 6
3.82447 99.7789 99.7789 2 9 6
3.82276 99.961 99.961 2 9 6
3.82106 100.143 100.143 2 9 6
3.81936 100.325 100.325 2 9 6
3.81766 100.507 100.507 2 9 6
3.81598 100.69 100.69 2 9 6
3.81429 100.872 100.872 2 9 6
3.81261 101.054 101.054 2 9 6
3.81094 101.236 101.236 2 9 6
3.80927 101.419 101.419 2 9 6
3.8076 101.601 101.601 2 9 6
3.80594 101.784 101.784 2 9 6
3.80428 101.966 101.966 2 9 6
3.80263 102.149 102.149 2 9 6
3.80099 102.331 102.331 2 9 6
3.79934 102.514 102.514 2 9 6
3.79771 102.697 102.697 2 9 6
3.79607 102.879 102.879 2 9 6
3.79445 103.062 103.062 2 9 6
3.79282 103.245 103.245 2 9 6
3.7912 103.427 103.427 2 9 6
3.78959 103.61 103.61 2 9 6
3.78798 103.793 103.793 2 9 6
3.78637 103.976 103.976 2 9 6
3.78477 104.159 104.159 2 9 6
3.78317 104.342 104.342 2 9 6
3.78158 104.525 104.525 2 9 6
3.77999 104.708 104.708 2 9 6
3.77841 104.891 104.891 2 9 6
3.77683 105.074 105.074 2 9 6
3.77525 105.257 105.257 2 9 6
3.77368 105.441 105.441 2 9 6
3.77211 105.624 105.624 2 9 6
3.77055 105.807 105.807 2 9 6
3.76899 105.99 105.99 2 9 6
3.76744 106.174 106.174 2 9 6
3.76589 106.357 106.357 2 9 6
3.76434 106.541 106.541 2 9 6
3.7628 106.724 106.724 2 9 6
3.76127 106.908 106.908 2 9 6
3.75973 107.091 107.091 2 9 6
3.7582 107.275 107.275 2 9 6
3.75668 107.458 107.458 2 9 6
3.75516 107.642 107.642 2 9 6
3.75364 107.826 107.826 2 9 6
3.75213 108.009 108.009 2 9 6
3.75062 108.193 108.193 2 9 6
3.74911 108.377 108.377 2 9 6
3.74761 108.561 108.561 2 9 6
3.74612 108.744 108.744 2 9 6
3.74462 108.928 108.928 2 9 6
3.74313 109.112 109.112 2 9 6
3.74165 109.296 109.296 2 9 6
3.74017 109.48 109.48 2 9 6
3.73869 109.664 109.664 2 9 6
3.73722 109.848 109.848 2 9 6
3.73575 110.032 110.032 2 9 6
3.73428 110.216 110.216 2 9 6
3.73282 110.401 110.401 2 9 6
3.73136 110.585 110.585 2 9 6
3.72991 110.769 110.769 2 9 6
3.72846 110.953 110.953 2 9 6
3.72701 111.138 111.138 2 9 6
3.72557 111.322 111.322 2 9 6
3.72413 111.506 111.506 2 9 6
3.72269 111.691 111.691 2 9 6
3.72126 111.875 111.875 2 9 6
3.71983 112.06 112.06 2 9 6
3.7184 112.244 112.244 2 9 6
3.71698 112.429 112.429 2 9 6
3.71557 112.613 112.613 2 9 6
3.71415 112.798 112.798 2 9 6
3.71274 112.983 112.983 2 9 6
3.71133 113.167 113.167 2 9 6
3.70993 113.352 113.352 2 9 6
3.70853 113.537 113.537 2 9 6
3.70714 113.722 113.722 2 9 6
3.70574 113.906 113.906 2 9 6
3.70435 114.091 114.091 2 9 6
3.70297 114.276 114.276 2 9 6
3.70159 114.461 114.461 2 9 6
3.70021 114.646 114.646 2 9 6
3.69883 114.831 114.831 2 9 6
3.69746 115.016 115.016 2 9 6
3.69609 115.201 115.201 2 9 6
3.69473 115.386 115.386 2 9 6
3.69337 115.571 115.571 2 9 6
3.69201 115.756 115.756 2 9 6
3.69065 115.942 115.942 2 9 6
3.6893 116.127 116.127 2 9 6
3.68795 116.312 116.312 2 9 6
3.68661 116.497 116.497 2 9 6
3.68527 116.683 116.683 2 9 6
3.68393 116.868 116.868 2 9 6
3.68259 117.053 117.053 2 9 6
3.68126 117.239 117.239 2 9 6
3.67993 117.424 117.424 2 9 6
3.67861 117.61 117.61 2 9 6
3.67729 117.795 117.795 2 9 6
3.67597 117.981 117.981 2 9 6
3.67465 118.166 118.166 2 9 6
3.67334 118.352 118.352 2 9 6
3.67203 118.538 118.538 2 9 6
3.67073 118.723 118.723 2 9 6
3.66942 118.909 118.909 2 9 6
3.66812 119.095 119.095 2 9 6
3.66683 119.281 119.281 2 9 6
3.66553 119.466 119.466 2 9 6
3.66424 119.652 119.652 2 9 6
3.66296 119.838 119.838 2 9 6
3.66167 120.024 120.024 2 9 6
3.66039 120.21 120.21 2 9 6
3.65911 120.396 120.396 2 9 6
3.65784 120.582 120.582 2 9 6
3.65657 120.768 120.768 2 9 6
3.6553 120.954 120.954 2 9 6
3.65403 121.14 121.14 2 9 6
3.65277 121.326 121.326 2 9 6
3.65151 121.512 121.512 2 9 6
3.65025 121.699 121.699 2 9 6
3.649 121.885 121.885 2 9 6
3.64775 122.071 122.071 2 9 6
3.6465 122.257 122.257 2 9 6
3.64525 122.444 122.444 2 9 6
3.64401 122.63 122.63 2 9 6
3.64277 122.816 122.816 2 9 6
3.64154 123.003 123.003 2 9 6
3.6403 123.189 123.189 2 9 6
3.63907 123.376 123.376 2 9 6
3.63784 123.562 123.562 2 9 6
3.63662 123.749 123.749 2 9 6
3.6354 123.935 123.935 2 9 6
3.63418 124.122 124.122 2 9 6
3.63296 124.309 124.309 2 9 6
3.63175 124.495 124.495 2 9 6
3.63054 124.682 124.682 2 9 6
3.62933 124.869 124.869 2 9 6
3.62812 125.055 125.055 2 9 6
3.62692 125.242 125.242 2 9 6
3.62572 125.429 125.429 2 9 6
3.62452 125.616 125.616 2 9 6
3.62333 125.803 125.803 2 9 6
3.62214 125.99 125.99 2 9 6
3.62095 126.177 126.177 2 9 6
3.61976 126.363 126.363 2 9 6
3.61858 126.55 126.55 2 9 6
3.6174 126.737 126.737 2 9 6
3.61622 126.925 126.925 2 9 6
3.61504 127.112 127.112 2 9 6
3.61387 127.299 127.299 2 9 6
3.6127 127.486 127.486 2 9 6
3.61153 127.673 127.673 2 9 6
3.61037 127.86 127.86 2 9 6
3.60921 128.047 128.047 2 9 6
3.60805 128.235 128.235 2 9 6
3.60689 128.422 128.422 2 9 6
3.60573 128.609 128.609 2 9 6
3.60458 128.797 128.797 2 9 6
3.60343 128.984 128.984 2 9 6
3.60229 129.171 129.171 2 9 6
3.60114 129.359 129.359 2 9 6
3.6 129.546 129.546 2 9 6
3.59886 129.734 129.734 2 9 6
3.59772 129.921 129.921 2 9 6
3.59659 130.109 130.109 2 9 6
3.59546 130.297 130.297 2 9 6
3.59433 130.484 130.484 2 9 6
3.5932 130.672 130.672 2 9 6
3.59208 130.859 130.859 2 9 6
3.59096 131.047 131.047 2 9 6
3.58984 131.235 131.235 2 9 6
3.58872 131.423 131.423 2 9 6
3.58761 131.61 131.61 2 9 6
3.58649 131.798 131.798 2 9 6
3.58538 131.986 131.986 2 9 6
3.58428 132.174 132.174 2 9 6
3.58317 132.362 132.362 2 9 6
3.58207 132.55 132.55 2 9 6
3.58097 132.738 132.738 2 9 6
3.57987 132.926 132.926 2 9 6
3.57878 133.114 133.114 2 9 6
3.57769 133.302 133.302 2 9 6
3.57659 133.49 133.49 2 9 6
3.57551 133.678 133.678 2 9 6
3.57442 133.866 133.866 2 9 6
3.57334 134.054 134.054 2 9 6
3.57226 134.242 134.242 2 9 6
3.57118 134.431 134.431 2 9 6
3.5701 134.619 134.619 2 9 6
3.56903 134.807 134.807 2 9 6
3.56795 134.995 134.995 2 9 6
3.56688 135.184 135.184 2 9 6
3.56582 135.372 135.372 2 9 6
3.56475 135.561 135.561 2 9 6
3.56369 135.749 135.749 2 9 6
3.56263 135.937 135.937 2 9 6
3.56157 136.126 136.126 2 9 6
3.56051 136.314 136.314 2 9 6
3.55946 136.503 136.503 2 9 6
3.55841 136.691 136.691 2 9 6
3.55736 136.88 136.88 2 9 6
3.55631 137.069 137.069 2 9 6
3.55527 137.257 137.257 2 9 6
3.55422 137.446 137.446 2 9 6
3.55318 137.635 137.635 2 9 6
3.55214 137.823 137.823 2 9 6
3.55111 138.012 138.012 2 9 6
3.55007 138.201 138.201 2 9 6
3.54904 138.39 138.39 2 9 6
3.54801 138.578 138.578 2 9 6
3.54698 138.767 138.767 2 9 6
3.54596 138.956 138.956 2 9 6
3.54493 139.145 139.145 2 9 6
3.54391 139.334 139.334 2 9 6
3.54289 139.523 139.523 2 9 6
3.54188 139.712 139.712 2 9 6
3.54086 139.901 139.901 2 9 6
3.53985 140.09 140.09 2 9 6
3.53884 140.279 140.279 2 9 6
3.53783 140.468 140.468 2 9 6
3.53682 140.657 140.657 2 9 6
3.53582 140.846 140.846 2 9 6
3.53481 141.036 141.036 2 9 6
3.53381 141.225 141.225 2 9 6
3.53281 141.414 141.414 2 9 6
3.53182 141.603 141.603 2 9 6
3.53082 141.793 141.793 2 9 6
3.52983 141.982 141.982 2 9 6
3.52884 142.171 142.171 2 9 6
3.52785 142.361 142.361 2 9 6
3.52686 142.55 142.55 2 9 6
3.52588 142.739 142.739 2 9 6
3.5249 142.929 142.929 2 9 6
3.52392 143.118 143.118 2 9 6
3.52294 143.308 143.308 2 9 6
3.52196 143.497 143.497 2 9 6
3.52099 143.687 143.687 2 9 6
3.52001 143.876 143.876 2 9 6
3.51904 144.066 144.066 2 9 6
3.51807 144.256 144.256 2 9 6
3.51711 144.445 144.445 2 9 6
3.51614 144.635 144.635 2 9 6
3.51518 144.825 144.825 2 9 6
3.51422 145.014 145.014 2 9 6
3.51326 145.204 145.204 2 9 6
3.5123 145.394 145.394 2 9 6
3.51134 145.584 145.584 2 9 6
3.51039 145.774 145.774 2 9 6
3.50944 145.963 145.963 2 9 6
3.50849 146.153 146.153 2 9 6
3.50754 146.343 146.343 2 9 6
3.5066 146.533 146.533 2 9 6
3.50565 146.723 146.723 2 9 6
3.50471 146.913 146.913 2 9 6
3.50377 147.103 147.103 2 9 6
3.50283 147.293 147.293 2 9 6
3.50189 147.483 147.483 2 9 6
3.50096 147.673 147.673 2 9 6
3.50002 147.863 147.863 2 9 6
3.49909 148.053 148.053 2 9 6
3.49816 148.244 148.244 2 9 6
3.49723 148.434 148.434 2 9 6
3.49631 148.624 148.624 2 9 6
3.49538 148.814 148.814 2 9 6
3.49446 149.005 149.005 2 9 6
3.49354 149.195 149.195 2 9 6
3.49262 149.385 149.385 2 9 6
3.4917 149.575 149.575 2 9 6
3.49079 149.766 149.766 2 9 6
3.48988 149.956 149.956 2 9 6
3.48896 150.147 150.147 2 9 6
3.48805 150.337 150.337 2 9 6
3.48715 150.528 150.528 2 9 6
3.48624 150.718 150.718 2 9 6
3.48533 150.909 150.909 2 9 6
3.48443 151.099 151.099 2 9 6
3.48353 151.29 151.29 2 9 6
3.48263 151.48 151.48 2 9 6
3.48173 151.671 151.671 2 9 6
3.48083 151.861 151.861 2 9 6
3.47994 152.052 152.052 2 9 6
3.47905 152.243 152.243 2 9 6
3.47816 152.434 152.434 2 9 6
3.47727 152.624 152.624 2 9 6
3.47638 152.815 152.815 2 9 6
3.47549 153.006 153.006 2 9 6
3.47461 153.197 153.197 2 9 6
3.47372 153.387 153.387 2 9 6
3.47284 153.578 153.578 2 9 6
3.47196 153.769 153.769 2 9 6
3.47109 153.96 153.96 2 9 6
3.47021 154.151 154.151 2 9 6
3.46934 154.342 154.342 2 9 6
3.46846 154.533 154.533 2 9 6
3.46759 154.724 154.724 2 9 6
3.46672 154.915 154.915 2 9 6
3.46585 155.106 155.106 2 9 6
3.46499 155.297 155.297 2 9 6
3.46412 155.488 155.488 2 9 6
3.46326 155.679 155.679 2 9 6
3.4624 155.87 155.87 2 9 6
3.46154 156.062 156.062 2 9 6
3.46068 156.253 156.253 2 9 6
3.45982 156.444 156.444 2 9 6
3.45897 156.635 156.635 2 9 6
3.45811 156.827 156.827 2 9 6
3.45726 157.018 157.018 2 9 6
3.45641 157.209 157.209 2 9 6
3.45556 157.4 157.4 2 9 6
3.45471 157.592 157.592 2 9 6
3.45387 157.783 157.783 2 9 6
3.45302 157.975 157.975 2 9 6
3.45218 158.166 158.166 2 9 6
3.45134 158.357 158.357 2 9 6
3.4505 158.549 158.549 2 9 6
3.44966 158.74 158.74 2 9 6
