4.01908 50.5 50.5 2 2 3
4.01917 50.4867 50.4867 2 2 3
4.01927 50.4735 50.4735 2 2 3
4.01947 50.447 50.447 2 2 3
4.01986 50.3939 50.3939 2 2 3
4.02065 50.2879 50.2879 2 2 3
4.0219 50.1222 50.1222 2 2 3
4.02315 49.9565 49.9565 2 2 3
4.02441 49.7908 49.7908 2 2 3
4.02568 49.6251 49.6251 2 2 3
4.02696 49.4594 49.4594 2 2 3
4.02825 49.2937 49.2937 2 2 3
4.02955 49.1281 49.1281 2 2 3
4.03086 48.9624 48.9624 2 2 3
4.03218 48.7968 48.7968 2 2 3
4.03351 48.6311 48.6311 2 2 3
4.03485 48.4655 48.4655 2 2 3
4.03619 48.2998 48.2998 2 2 3
4.03755 48.1342 48.1342 2 2 3
4.03892 47.9686 47.9686 2 2 3
4.04029 47.803 47.803 2 2 3
4.04168 47.6374 47.6374 2 2 3
4.04308 47.4718 47.4718 2 2 3
4.04449 47.3062 47.3062 2 2 3
4.04591 47.1406 47.1406 2 2 3
4.04734 46.975 46.975 2 2 3
4.04877 46.8095 46.8095 2 2 3
4.05023 46.6439 46.6439 2 2 3
4.05169 46.4784 46.4784 2 2 3
4.05316 46.3128 46.3128 2 2 3
4.05464 46.1473 46.1473 2 2 3
4.05614 45.9818 45.9818 2 2 3
4.05765 45.8162 45.8162 2 2 3
4.05917 45.6507 45.6507 2 2 3
4.0607 45.4852 45.4852 2 2 3
4.06224 45.3197 45.3197 2 2 3
4.06379 45.1542 45.1542 2 2 3
4.06536 44.9887 44.9887 2 2 3
4.06694 44.8233 44.8233 2 2 3
4.06853 44.6578 44.6578 2 2 3
4.07014 44.4924 44.4924 2 2 3
4.07175 44.3269 44.3269 2 2 3
4.07338 44.1615 44.1615 2 2 3
4.07503 43.996 43.996 2 2 3
4.07668 43.8306 43.8306 2 2 3
4.07835 43.6652 43.6652 2 2 3
4.08004 43.4998 43.4998 2 2 3
4.08173 43.3344 43.3344 2 2 3
4.08344 43.169 43.169 2 2 3
4.08517 43.0036 43.0036 2 2 3
4.08691 42.8383 42.8383 2 2 3
4.08866 42.6729 42.6729 2 2 3
4.09043 42.5076 42.5076 2 2 3
4.09222 42.3422 42.3422 2 2 3
4.09401 42.1769 42.1769 2 2 3
4.09583 42.0116 42.0116 2 2 3
4.09766 41.8462 41.8462 2 2 3
4.0995 41.6809 41.6809 2 2 3
4.10136 41.5156 41.5156 2 2 3
4.10324 41.3504 41.3504 2 2 3
4.10513 41.1851 41.1851 2 2 3
4.10704 41.0198 41.0198 2 2 3
4.10897 40.8546 40.8546 2 2 3
4.11091 40.6893 40.6893 2 2 3
4.11287 40.5241 40.5241 2 2 3
4.11484 40.3588 40.3588 2 2 3
4.11684 40.1936 40.1936 2 2 3
4.11885 40.0284 40.0284 2 2 3
4.12088 39.8632 39.8632 2 2 3
4.12293 39.698 39.698 2 2 3
4.125 39.5329 39.5329 2 2 3
4.12708 39.3677 39.3677 2 2 3
4.12919 39.2025 39.2025 2 2 3
4.13131 39.0374 39.0374 2 2 3
4.13345 38.8723 38.8723 2 2 3
4.13562 38.7071 38.7071 2 2 3
4.1378 38.542 38.542 2 2 3
4.14 38.3769 38.3769 2 2 3
4.14223 38.2118 38.2118 2 2 3
4.14447 38.0468 38.0468 2 2 3
4.14674 37.8817 37.8817 2 2 3
4.14902 37.7167 37.7167 2 2 3
4.15133 37.5516 37.5516 2 2 3
4.15367 37.3866 37.3866 2 2 3
4.15602 37.2216 37.2216 2 2 3
4.1584 37.0566 37.0566 2 2 3
4.1608 36.8916 36.8916 2 2 3
4.16322 36.7266 36.7266 2 2 3
4.16567 36.5616 36.5616 2 2 3
4.16814 36.3966 36.3966 2 2 3
4.17063 36.2317 36.2317 2 2 3
4.17315 36.0668 36.0668 2 2 3
4.1757 35.9018 35.9018 2 2 3
4.17827 35.7369 35.7369 2 2 3
4.18087 35.572 35.572 2 2 3
4.18349 35.4072 35.4072 2 2 3
4.18614 35.2423 35.2423 2 2 3
4.18882 35.0774 35.0774 2 2 3
4.19152 34.9126 34.9126 2 2 3
4.19426 34.7478 34.7478 2 2 3
4.19702 34.583 34.583 2 2 3
4.19981 34.4182 34.4182 2 2 3
4.20263 34.2534 34.2534 2 2 3
4.20548 34.0886 34.0886 2 2 3
4.20836 33.9238 33.9238 2 2 3
4.21127 33.7591 33.7591 2 2 3
4.21421 33.5944 33.5944 2 2 3
4.21719 33.4297 33.4297 2 2 3
4.22019 33.265 33.265 2 2 3
4.22323 33.1003 33.1003 2 2 3
4.22631 32.9356 32.9356 2 2 3
4.22941 32.7709 32.7709 2 2 3
4.23255 32.6063 32.6063 2 2 3
4.23573 32.4417 32.4417 2 2 3
4.23894 32.2771 32.2771 2 2 3
4.24219 32.1125 32.1125 2 2 3
4.24548 31.9479 31.9479 2 2 3
4.2488 31.7833 31.7833 2 2 3
4.25216 31.6188 31.6188 2 2 3
4.25556 31.4543 31.4543 2 2 3
4.259 31.2898 31.2898 2 2 3
4.26248 31.1253 31.1253 2 2 3
4.266 30.9608 30.9608 2 2 3
4.26956 30.7963 30.7963 2 2 3
4.27316 30.6319 30.6319 2 2 3
4.27681 30.4675 30.4675 2 2 3
4.2805 30.3031 30.3031 2 2 3
4.28424 30.1387 30.1387 2 2 3
4.28802 29.9743 29.9743 2 2 3
4.29185 29.81 29.81 2 2 3
4.29573 29.6456 29.6456 2 2 3
4.29965 29.4813 29.4813 2 2 3
4.30362 29.317 29.317 2 2 3
4.30765 29.1527 29.1527 2 2 3
4.31172 28.9885 28.9885 2 2 3
4.31584 28.8242 28.8242 2 2 3
4.32002 28.66 28.66 2 2 3
4.32425 28.4958 28.4958 2 2 3
4.32854 28.3317 28.3317 2 2 3
4.33288 28.1675 28.1675 2 2 3
4.33728 28.0034 28.0034 2 2 3
4.34174 27.8392 27.8392 2 2 3
4.34626 27.6752 27.6752 2 2 3
4.35084 27.5111 27.5111 2 2 3
4.35548 27.347 27.347 2 2 3
4.36018 27.183 27.183 2 2 3
4.36495 27.019 27.019 2 2 3
4.36978 26.855 26.855 2 2 3
4.37468 26.6911 26.6911 2 2 3
4.37965 26.5271 26.5271 2 2 3
4.38469 26.3632 26.3632 2 2 3
4.3898 26.1993 26.1993 2 2 3
4.39498 26.0355 26.0355 2 2 3
4.40024 25.8716 25.8716 2 2 3
4.40558 25.7078 25.7078 2 2 3
4.41099 25.544 25.544 2 2 3
4.41648 25.3803 25.3803 2 2 3
4.42205 25.2165 25.2165 2 2 3
4.42771 25.0528 25.0528 2 2 3
4.43345 24.8891 24.8891 2 2 3
4.43927 24.7255 24.7255 2 2 3
4.44519 24.5618 24.5618 2 2 3
4.4512 24.3982 24.3982 2 2 3
4.4573 24.2346 24.2346 2 2 3
4.46349 24.0711 24.0711 2 2 3
4.46978 23.9076 23.9076 2 2 3
4.47618 23.7441 23.7441 2 2 3
4.48267 23.5806 23.5806 2 2 3
4.48927 23.4172 23.4172 2 2 3
4.49598 23.2538 23.2538 2 2 3
4.50279 23.0904 23.0904 2 2 3
4.50972 22.9271 22.9271 2 2 3
4.51677 22.7638 22.7638 2 2 3
4.52393 22.6005 22.6005 2 2 3
4.53121 22.4373 22.4373 2 2 3
4.53862 22.2741 22.2741 2 2 3
4.54616 22.1109 22.1109 2 2 3
4.55383 21.9477 21.9477 2 2 3
4.56163 21.7846 21.7846 2 2 3
4.56957 21.6216 21.6216 2 2 3
4.57765 21.4585 21.4585 2 2 3
4.58587 21.2955 21.2955 2 2 3
4.59425 21.1326 21.1326 2 2 3
4.60278 20.9696 20.9696 2 2 3
4.61146 20.8067 20.8067 2 2 3
4.62031 20.6439 20.6439 2 2 3
4.62933 20.4811 20.4811 2 2 3
4.63852 20.3183 20.3183 2 2 3
4.64788 20.1556 20.1556 2 2 3
4.65743 19.9929 19.9929 2 2 3
4.66716 19.8303 19.8303 2 2 3
4.67709 19.6677 19.6677 2 2 3
4.68721 19.5051 19.5051 2 2 3
4.69754 19.3426 19.3426 2 2 3
4.70808 19.1801 19.1801 2 2 3
4.71884 19.0177 19.0177 2 2 3
4.72982 18.8553 18.8553 2 2 3
4.74103 18.693 18.693 2 2 3
4.75248 18.5307 18.5307 2 2 3
4.76418 18.3685 18.3685 2 2 3
4.77613 18.2063 18.2063 2 2 3
4.78834 18.0442 18.0442 2 2 3
4.80083 17.8821 17.8821 2 2 3
4.8136 17.72 17.72 2 2 3
4.82665 17.5581 17.5581 2 2 3
4.84001 17.3962 17.3962 2 2 3
4.85368 17.2343 17.2343 2 2 3
4.86767 17.0725 17.0725 2 2 3
4.88199 16.9108 16.9108 2 2 3
4.89667 16.7491 16.7491 2 2 3
4.91169 16.5875 16.5875 2 2 3
4.9271 16.4259 16.4259 2 2 3
4.94288 16.2644 16.2644 2 2 3
4.95907 16.103 16.103 2 2 3
4.97568 15.9416 15.9416 2 2 3
4.99271 15.7803 15.7803 2 2 3
5.0102 15.6191 15.6191 2 2 3
5.02816 15.4579 15.4579 2 2 3
5.0466 15.2969 15.2969 2 2 3
5.06556 15.1359 15.1359 2 2 3
5.08504 14.9749 14.9749 2 2 3
5.10507 14.8141 14.8141 2 2 3
5.12568 14.6533 14.6533 2 2 3
5.14689 14.4927 14.4927 2 2 3
5.16936 14.3321 14.3321 2 2 3
5.19189 14.1716 14.1716 2 2 3
5.21511 14.0112 14.0112 2 2 3
5.23904 13.8509 13.8509 2 2 3
5.26374 13.6907 13.6907 2 2 3
5.28923 13.5306 13.5306 2 2 3
5.31555 13.3705 13.3705 2 2 3
5.34275 13.2106 13.2106 2 2 3
5.37086 13.0508 13.0508 2 2 3
5.39995 12.8911 12.8911 2 2 3
5.43005 12.7315 12.7315 2 2 3
5.46124 12.5721 12.5721 2 2 3
5.49355 12.4127 12.4127 2 2 3
5.52707 12.2535 12.2535 2 2 3
5.56186 12.0945 12.0945 2 2 3
5.59799 11.9355 11.9355 2 2 3
5.63554 11.7768 11.7768 2 2 3
5.67461 11.6181 11.6181 2 2 3
5.71528 11.4597 11.4597 2 2 3
5.75767 11.3014 11.3014 2 2 3
5.80188 11.1432 11.1432 2 2 3
5.84803 10.9853 10.9853 2 2 3
5.89627 10.8275 10.8275 2 2 3
5.94674 10.67 10.67 2 2 3
5.99959 10.5127 10.5127 2 2 3
6.05502 10.3556 10.3556 2 2 3
6.11321 10.1988 10.1988 2 2 3
6.17439 10.0422 10.0422 2 2 3
6.23879 9.88589 9.88589 2 2 3
6.30669 9.7299 9.7299 2 2 3
6.37838 9.57426 9.57426 2 2 3
6.4542 9.41897 9.41897 2 2 3
6.53453 9.26409 9.26409 2 2 3
6.61981 9.10965 9.10965 2 2 3
6.71047 8.9557 8.9557 2 2 3
6.80712 8.80229 8.80229 2 2 3
6.91033 8.6495 8.6495 2 2 3
7.02083 8.49742 8.49742 2 2 3
7.13941 8.34613 8.34613 2 2 3
7.26701 8.19578 8.19578 2 2 3
7.4047 8.0465 8.0465 2 2 3
7.55373 7.8985 7.8985 2 2 3
7.71543 7.75202 7.75202 2 2 3
7.89151 7.60736 7.60736 2 2 3
8.08376 7.46491 7.46491 2 2 3
8.29422 7.32516 7.32516 2 2 3
8.5252 7.18875 7.18875 2 2 3
8.77909 7.05647 7.05647 2 2 3
9.0583 6.92929 6.92929 2 2 3
9.36505 6.80841 6.80841 2 2 3
9.70102 6.69522 6.69522 2 2 3
10.0653 6.59146 6.59146 2 2 3
4.01908 50.5 50.5 2 2 3
4.01898 50.5133 50.5133 2 2 3
4.01888 50.5265 50.5265 2 2 3
4.01868 50.553 50.553 2 2 3
4.01829 50.6061 50.6061 2 2 3
4.0175 50.7121 50.7121 2 2 3
4.01629 50.8779 50.8779 2 2 3
4.01508 51.0436 51.0436 2 2 3
4.01388 51.2093 51.2093 2 2 3
4.01269 51.3751 51.3751 2 2 3
4.01151 51.5408 51.5408 2 2 3
4.01033 51.7066 51.7066 2 2 3
4.00917 51.8724 51.8724 2 2 3
4.00801 52.0381 52.0381 2 2 3
4.00686 52.2039 52.2039 2 2 3
4.00571 52.3697 52.3697 2 2 3
4.00458 52.5355 52.5355 2 2 3
4.00345 52.7013 52.7013 2 2 3
4.00233 52.8671 52.8671 2 2 3
4.00122 53.0329 53.0329 2 2 3
4.00011 53.1987 53.1987 2 2 3
3.99901 53.3645 53.3645 2 2 3
3.99792 53.5304 53.5304 2 2 3
3.99684 53.6962 53.6962 2 2 3
3.99576 53.862 53.862 2 2 3
3.99469 54.0279 54.0279 2 2 3
3.99363 54.1937 54.1937 2 2 3
3.99257 54.3596 54.3596 2 2 3
3.99152 54.5255 54.5255 2 2 3
3.99048 54.6913 54.6913 2 2 3
3.98945 54.8572 54.8572 2 2 3
3.98842 55.0231 55.0231 2 2 3
3.98739 55.189 55.189 2 2 3
3.98638 55.3549 55.3549 2 2 3
3.98537 55.5207 55.5207 2 2 3
3.98436 55.6866 55.6866 2 2 3
3.98336 55.8526 55.8526 2 2 3
3.98237 56.0185 56.0185 2 2 3
3.98139 56.1844 56.1844 2 2 3
3.98041 56.3503 56.3503 2 2 3
3.97944 56.5162 56.5162 2 2 3
3.97847 56.6822 56.6822 2 2 3
3.97751 56.8481 56.8481 2 2 3
3.97655 57.014 57.014 2 2 3
3.9756 57.18 57.18 2 2 3
3.97466 57.3459 57.3459 2 2 3
3.97372 57.5119 57.5119 2 2 3
3.97279 57.6779 57.6779 2 2 3
3.97186 57.8438 57.8438 2 2 3
3.97094 58.0098 58.0098 2 2 3
3.97003 58.1758 58.1758 2 2 3
3.96912 58.3418 58.3418 2 2 3
3.96821 58.5077 58.5077 2 2 3
3.96731 58.6737 58.6737 2 2 3
3.96642 58.8397 58.8397 2 2 3
3.96553 59.0057 59.0057 2 2 3
3.96465 59.1717 59.1717 2 2 3
3.96377 59.3377 59.3377 2 2 3
3.9629 59.5038 59.5038 2 2 3
3.96203 59.6698 59.6698 2 2 3
3.96117 59.8358 59.8358 2 2 3
3.96031 60.0018 60.0018 2 2 3
3.95946 60.1679 60.1679 2 2 3
3.95861 60.3339 60.3339 2 2 3
3.95777 60.4999 60.4999 2 2 3
3.95693 60.666 60.666 2 2 3
3.95609 60.832 60.832 2 2 3
3.95526 60.9981 60.9981 2 2 3
3.95444 61.1642 61.1642 2 2 3
3.95362 61.3302 61.3302 2 2 3
3.95281 61.4963 61.4963 2 2 3
3.952 61.6624 61.6624 2 2 3
3.95119 61.8285 61.8285 2 2 3
3.95039 61.9945 61.9945 2 2 3
3.94959 62.1606 62.1606 2 2 3
3.9488 62.3267 62.3267 2 2 3
3.94801 62.4928 62.4928 2 2 3
3.94723 62.6589 62.6589 2 2 3
3.94645 62.825 62.825 2 2 3
3.94568 62.9911 62.9911 2 2 3
3.94491 63.1572 63.1572 2 2 3
3.94414 63.3233 63.3233 2 2 3
3.94338 63.4895 63.4895 2 2 3
3.94262 63.6556 63.6556 2 2 3
3.94187 63.8217 63.8217 2 2 3
3.94112 63.9879 63.9879 2 2 3
3.94037 64.154 64.154 2 2 3
3.93963 64.3201 64.3201 2 2 3
3.93889 64.4863 64.4863 2 2 3
3.93816 64.6524 64.6524 2 2 3
3.93743 64.8186 64.8186 2 2 3
3.9367 64.9847 64.9847 2 2 3
3.93598 65.1509 65.1509 2 2 3
3.93526 65.3171 65.3171 2 2 3
3.93455 65.4832 65.4832 2 2 3
3.93384 65.6494 65.6494 2 2 3
3.93313 65.8156 65.8156 2 2 3
3.93243 65.9818 65.9818 2 2 3
3.93173 66.1479 66.1479 2 2 3
3.93104 66.3141 66.3141 2 2 3
3.93034 66.4803 66.4803 2 2 3
3.92965 66.6465 66.6465 2 2 3
3.92897 66.8127 66.8127 2 2 3
3.92829 66.9789 66.9789 2 2 3
3.92761 67.1451 67.1451 2 2 3
3.92694 67.3113 67.3113 2 2 3
3.92627 67.4775 67.4775 2 2 3
3.9256 67.6438 67.6438 2 2 3
3.92493 67.81 67.81 2 2 3
3.92427 67.9762 67.9762 2 2 3
3.92362 68.1424 68.1424 2 2 3
3.92296 68.3087 68.3087 2 2 3
3.92231 68.4749 68.4749 2 2 3
3.92166 68.6411 68.6411 2 2 3
3.92102 68.8074 68.8074 2 2 3
3.92038 68.9736 68.9736 2 2 3
3.91974 69.1399 69.1399 2 2 3
3.91911 69.3061 69.3061 2 2 3
3.91848 69.4724 69.4724 2 2 3
3.91785 69.6387 69.6387 2 2 3
3.91722 69.8049 69.8049 2 2 3
3.9166 69.9712 69.9712 2 2 3
3.91598 70.1374 70.1374 2 2 3
3.91537 70.3037 70.3037 2 2 3
3.91475 70.47 70.47 2 2 3
3.91414 70.6363 70.6363 2 2 3
3.91354 70.8026 70.8026 2 2 3
3.91293 70.9688 70.9688 2 2 3
3.91233 71.1351 71.1351 2 2 3
3.91174 71.3014 71.3014 2 2 3
3.91114 71.4677 71.4677 2 2 3
3.91055 71.634 71.634 2 2 3
3.90996 71.8003 71.8003 2 2 3
3.90937 71.9666 71.9666 2 2 3
3.90879 72.1329 72.1329 2 2 3
3.90821 72.2993 72.2993 2 2 3
3.90763 72.4656 72.4656 2 2 3
3.90705 72.6319 72.6319 2 2 3
3.90648 72.7982 72.7982 2 2 3
3.90591 72.9645 72.9645 2 2 3
3.90534 73.1309 73.1309 2 2 3
3.90478 73.2972 73.2972 2 2 3
3.90422 73.4635 73.4635 2 2 3
3.90366 73.6299 73.6299 2 2 3
3.9031 73.7962 73.7962 2 2 3
3.90255 73.9626 73.9626 2 2 3
3.902 74.1289 74.1289 2 2 3
3.90145 74.2952 74.2952 2 2 3
3.9009 74.4616 74.4616 2 2 3
3.90036 74.628 74.628 2 2 3
3.89982 74.7943 74.7943 2 2 3
3.89928 74.9607 74.9607 2 2 3
3.89874 75.127 75.127 2 2 3
3.89821 75.2934 75.2934 2 2 3
3.89768 75.4598 75.4598 2 2 3
3.89715 75.6261 75.6261 2 2 3
3.89662 75.7925 75.7925 2 2 3
3.8961 75.9589 75.9589 2 2 3
3.89557 76.1253 76.1253 2 2 3
3.89505 76.2917 76.2917 2 2 3
3.89454 76.4581 76.4581 2 2 3
3.89402 76.6244 76.6244 2 2 3
3.89351 76.7908 76.7908 2 2 3
3.893 76.9572 76.9572 2 2 3
3.89249 77.1236 77.1236 2 2 3
3.89199 77.29 77.29 2 2 3
3.89148 77.4564 77.4564 2 2 3
3.89098 77.6228 77.6228 2 2 3
3.89048 77.7893 77.7893 2 2 3
3.88999 77.9557 77.9557 2 2 3
3.88949 78.1221 78.1221 2 2 3
3.889 78.2885 78.2885 2 2 3
3.88851 78.4549 78.4549 2 2 3
3.88802 78.6213 78.6213 2 2 3
3.88753 78.7878 78.7878 2 2 3
3.88705 78.9542 78.9542 2 2 3
3.88657 79.1206 79.1206 2 2 3
3.88609 79.2871 79.2871 2 2 3
3.88561 79.4535 79.4535 2 2 3
3.88514 79.6199 79.6199 2 2 3
3.88466 79.7864 79.7864 2 2 3
3.88419 79.9528 79.9528 2 2 3
3.88372 80.1193 80.1193 2 2 3
3.88326 80.2857 80.2857 2 2 3
3.88279 80.4522 80.4522 2 2 3
3.88233 80.6186 80.6186 2 2 3
3.88187 80.7851 80.7851 2 2 3
3.88141 80.9515 80.9515 2 2 3
3.88095 81.118 81.118 2 2 3
3.88049 81.2845 81.2845 2 2 3
3.88004 81.4509 81.4509 2 2 3
3.87959 81.6174 81.6174 2 2 3
3.87914 81.7839 81.7839 2 2 3
3.87869 81.9504 81.9504 2 2 3
3.87824 82.1168 82.1168 2 2 3
3.8778 82.2833 82.2833 2 2 3
3.87736 82.4498 82.4498 2 2 3
3.87692 82.6163 82.6163 2 2 3
3.87648 82.7828 82.7828 2 2 3
3.87604 82.9493 82.9493 2 2 3
3.87561 83.1157 83.1157 2 2 3
3.87517 83.2822 83.2822 2 2 3
3.87474 83.4487 83.4487 2 2 3
3.87431 83.6152 83.6152 2 2 3
3.87389 83.7817 83.7817 2 2 3
3.87346 83.9482 83.9482 2 2 3
3.87304 84.1147 84.1147 2 2 3
3.87261 84.2813 84.2813 2 2 3
3.87219 84.4478 84.4478 2 2 3
3.87177 84.6143 84.6143 2 2 3
3.87136 84.7808 84.7808 2 2 3
3.87094 84.9473 84.9473 2 2 3
3.87053 85.1138 85.1138 2 2 3
3.87011 85.2804 85.2804 2 2 3
3.8697 85.4469 85.4469 2 2 3
3.86929 85.6134 85.6134 2 2 3
3.86889 85.7799 85.7799 2 2 3
3.86848 85.9465 85.9465 2 2 3
3.86808 86.113 86.113 2 2 3
3.86767 86.2795 86.2795 2 2 3
3.86727 86.4461 86.4461 2 2 3
3.86687 86.6126 86.6126 2 2 3
3.86647 86.7792 86.7792 2 2 3
3.86608 86.9457 86.9457 2 2 3
3.86568 87.1122 87.1122 2 2 3
3.86529 87.2788 87.2788 2 2 3
3.8649 87.4453 87.4453 2 2 3
3.86451 87.6119 87.6119 2 2 3
3.86412 87.7785 87.7785 2 2 3
3.86373 87.945 87.945 2 2 3
3.86335 88.1116 88.1116 2 2 3
3.86296 88.2781 88.2781 2 2 3
3.86258 88.4447 88.4447 2 2 3
3.8622 88.6113 88.6113 2 2 3
3.86182 88.7778 88.7778 2 2 3
3.86144 88.9444 88.9444 2 2 3
3.86107 89.111 89.111 2 2 3
3.86069 89.2776 89.2776 2 2 3
3.86032 89.4441 89.4441 2 2 3
3.85995 89.6107 89.6107 2 2 3
3.85957 89.7773 89.7773 2 2 3
3.8592 89.9439 89.9439 2 2 3
3.85884 90.1105 90.1105 2 2 3
3.85847 90.277 90.277 2 2 3
3.8581 90.4436 90.4436 2 2 3
3.85774 90.6102 90.6102 2 2 3
3.85738 90.7768 90.7768 2 2 3
3.85702 90.9434 90.9434 2 2 3
3.85666 91.11 91.11 2 2 3
3.8563 91.2766 91.2766 2 2 3
3.85594 91.4432 91.4432 2 2 3
3.85559 91.6098 91.6098 2 2 3
3.85523 91.7764 91.7764 2 2 3
3.85488 91.943 91.943 2 2 3
3.85453 92.1096 92.1096 2 2 3
3.85418 92.2762 92.2762 2 2 3
3.85383 92.4429 92.4429 2 2 3
3.85348 92.6095 92.6095 2 2 3
3.85313 92.7761 92.7761 2 2 3
3.85279 92.9427 92.9427 2 2 3
3.85244 93.1093 93.1093 2 2 3
3.8521 93.2759 93.2759 2 2 3
3.85176 93.4426 93.4426 2 2 3
3.85142 93.6092 93.6092 2 2 3
3.85108 93.7758 93.7758 2 2 3
3.85074 93.9425 93.9425 2 2 3
3.85041 94.1091 94.1091 2 2 3
3.85007 94.2757 94.2757 2 2 3
3.84974 94.4424 94.4424 2 2 3
3.8494 94.609 94.609 2 2 3
3.84907 94.7756 94.7756 2 2 3
3.84874 94.9423 94.9423 2 2 3
3.84841 95.1089 95.1089 2 2 3
3.84808 95.2756 95.2756 2 2 3
3.84776 95.4422 95.4422 2 2 3
3.84743 95.6089 95.6089 2 2 3
3.84711 95.7755 95.7755 2 2 3
3.84678 95.9422 95.9422 2 2 3
3.84646 96.1088 96.1088 2 2 3
3.84614 96.2755 96.2755 2 2 3
3.84582 96.4421 96.4421 2 2 3
3.8455 96.6088 96.6088 2 2 3
3.84518 96.7755 96.7755 2 2 3
3.84487 96.9421 96.9421 2 2 3
3.84455 97.1088 97.1088 2 2 3
3.84424 97.2754 97.2754 2 2 3
3.84393 97.4421 97.4421 2 2 3
3.84361 97.6088 97.6088 2 2 3
3.8433 97.7755 97.7755 2 2 3
3.84299 97.9421 97.9421 2 2 3
3.84268 98.1088 98.1088 2 2 3
3.84238 98.2755 98.2755 2 2 3
3.84207 98.4422 98.4422 2 2 3
3.84176 98.6088 98.6088 2 2 3
3.84146 98.7755 98.7755 2 2 3
3.84115 98.9422 98.9422 2 2 3
3.84085 99.1089 99.1089 2 2 3
3.84055 99.2756 99.2756 2 2 3
3.84025 99.4423 99.4423 2 2 3
3.83995 99.609 99.609 2 2 3
3.83965 99.7756 99.7756 2 2 3
3.83936 99.9423 99.9423 2 2 3
3.83906 100.109 100.109 2 2 3
3.83876 100.276 100.276 2 2 3
3.83847 100.442 100.442 2 2 3
3.83818 100.609 100.609 2 2 3
3.83788 100.776 100.776 2 2 3
3.83759 100.943 100.943 2 2 3
3.8373 101.109 101.109 2 2 3
3.83701 101.276 101.276 2 2 3
3.83672 101.443 101.443 2 2 3
3.83644 101.609 101.609 2 2 3
3.83615 101.776 101.776 2 2 3
3.83587 101.943 101.943 2 2 3
3.83558 102.11 102.11 2 2 3
3.8353 102.276 102.276 2 2 3
3.83502 102.443 102.443 2 2 3
3.83473 102.61 102.61 2 2 3
3.83445 102.776 102.776 2 2 3
3.83417 102.943 102.943 2 2 3
3.83389 103.11 103.11 2 2 3
3.83362 103.277 103.277 2 2 3
3.83334 103.443 103.443 2 2 3
3.83306 103.61 103.61 2 2 3
3.83279 103.777 103.777 2 2 3
3.83251 103.943 103.943 2 2 3
3.83224 104.11 104.11 2 2 3
3.83197 104.277 104.277 2 2 3
3.8317 104.444 104.444 2 2 3
3.83143 104.61 104.61 2 2 3
3.83116 104.777 104.777 2 2 3
3.83089 104.944 104.944 2 2 3
3.83062 105.111 105.111 2 2 3
3.83035 105.277 105.277 2 2 3
3.83009 105.444 105.444 2 2 3
3.82982 105.611 105.611 2 2 3
3.82956 105.778 105.778 2 2 3
3.82929 105.944 105.944 2 2 3
3.82903 106.111 106.111 2 2 3
3.82877 106.278 106.278 2 2 3
3.82851 106.445 106.445 2 2 3
3.82825 106.611 106.611 2 2 3
3.82799 106.778 106.778 2 2 3
3.82773 106.945 106.945 2 2 3
3.82747 107.112 107.112 2 2 3
3.82721 107.278 107.278 2 2 3
3.82696 107.445 107.445 2 2 3
3.8267 107.612 107.612 2 2 3
3.82645 107.779 107.779 2 2 3
3.82619 107.945 107.945 2 2 3
3.82594 108.112 108.112 2 2 3
3.82569 108.279 108.279 2 2 3
3.82544 108.446 108.446 2 2 3
3.82519 108.613 108.613 2 2 3
3.82494 108.779 108.779 2 2 3
3.82469 108.946 108.946 2 2 3
3.82444 109.113 109.113 2 2 3
3.82419 109.28 109.28 2 2 3
3.82394 109.446 109.446 2 2 3
3.8237 109.613 109.613 2 2 3
3.82345 109.78 109.78 2 2 3
3.82321 109.947 109.947 2 2 3
3.82297 110.114 110.114 2 2 3
3.82272 110.28 110.28 2 2 3
3.82248 110.447 110.447 2 2 3
3.82224 110.614 110.614 2 2 3
3.822 110.781 110.781 2 2 3
3.82176 110.948 110.948 2 2 3
3.82152 111.114 111.114 2 2 3
3.82128 111.281 111.281 2 2 3
3.82104 111.448 111.448 2 2 3
3.82081 111.615 111.615 2 2 3
3.82057 111.782 111.782 2 2 3
3.82033 111.948 111.948 2 2 3
3.8201 112.115 112.115 2 2 3
3.81987 112.282 112.282 2 2 3
3.81963 112.449 112.449 2 2 3
3.8194 112.616 112.616 2 2 3
3.81917 112.782 112.782 2 2 3
3.81894 112.949 112.949 2 2 3
3.81871 113.116 113.116 2 2 3
3.81848 113.283 113.283 2 2 3
3.81825 113.45 113.45 2 2 3
3.81802 113.616 113.616 2 2 3
3.81779 113.783 113.783 2 2 3
3.81756 113.95 113.95 2 2 3
3.81734 114.117 114.117 2 2 3
3.81711 114.284 114.284 2 2 3
3.81689 114.45 114.45 2 2 3
3.81666 114.617 114.617 2 2 3
3.81644 114.784 114.784 2 2 3
3.81621 114.951 114.951 2 2 3
3.81599 115.118 115.118 2 2 3
3.81577 115.285 115.285 2 2 3
3.81555 115.451 115.451 2 2 3
3.81533 115.618 115.618 2 2 3
3.81511 115.785 115.785 2 2 3
3.81489 115.952 115.952 2 2 3
3.81467 116.119 116.119 2 2 3
3.81445 116.286 116.286 2 2 3
10.0653 6.59146 6.59146 2 2 3
10.0653 6.59146 6.59146 2 2 3
10.0957 6.58355 6.58355 2 2 3
10.1263 6.5757 6.5757 2 2 3
10.1878 6.56011 6.56011 2 2 3
10.3143 6.53026 6.53026 2 2 3
10.5086 6.48736 6.48736 2 2 3
10.8115 6.42801 6.42801 2 2 3
11.2514 6.35625 6.35625 2 2 3
11.7112 6.29668 6.29668 2 2 3
12.1858 6.24904 6.24904 2 2 3
12.6723 6.21239 6.21239 2 2 3
13.1643 6.18604 6.18604 2 2 3
13.6608 6.16888 6.16888 2 2 3
14.1597 6.15979 6.15979 2 2 3
14.6594 6.15728 6.15728 2 2 3
15.1591 6.16084 6.16084 2 2 3
15.6581 6.16973 6.16973 2 2 3
16.156 6.18325 6.18325 2 2 3
16.6525 6.20069 6.20069 2 2 3
17.1476 6.22173 6.22173 2 2 3
17.6412 6.24574 6.24574 2 2 3
18.1333 6.27252 6.27252 2 2 3
18.6239 6.30177 6.30177 2 2 3
19.113 6.33316 6.33316 2 2 3
19.6008 6.36646 6.36646 2 2 3
20.0873 6.40151 6.40151 2 2 3
20.5725 6.43814 6.43814 2 2 3
21.0566 6.47618 6.47618 2 2 3
21.5395 6.51553 6.51553 2 2 3
22.0215 6.55603 6.55603 2 2 3
22.5024 6.59762 6.59762 2 2 3
22.9825 6.64018 6.64018 2 2 3
23.4618 6.68364 6.68364 2 2 3
23.9403 6.72794 6.72794 2 2 3
24.418 6.77301 6.77301 2 2 3
24.895 6.81877 6.81877 2 2 3
25.3714 6.8652 6.8652 2 2 3
25.8478 6.91162 6.91162 2 2 3
26.323 6.95926 6.95926 2 2 3
26.7976 7.00745 7.00745 2 2 3
27.2718 7.05608 7.05608 2 2 3
27.7455 7.10519 7.10519 2 2 3
28.2187 7.15474 7.15474 2 2 3
28.6916 7.20468 7.20468 2 2 3
29.164 7.25501 7.25501 2 2 3
29.6361 7.30568 7.30568 2 2 3
30.1078 7.35669 7.35669 2 2 3
30.5793 7.40801 7.40801 2 2 3
31.0504 7.45964 7.45964 2 2 3
31.5212 7.51154 7.51154 2 2 3
31.9917 7.56371 7.56371 2 2 3
32.462 7.61613 7.61613 2 2 3
32.9321 7.66879 7.66879 2 2 3
33.4019 7.72168 7.72168 2 2 3
33.8715 7.77477 7.77477 2 2 3
34.3409 7.82808 7.82808 2 2 3
34.8102 7.88157 7.88157 2 2 3
35.2792 7.93527 7.93527 2 2 3
35.748 7.98912 7.98912 2 2 3
36.2167 8.04314 8.04314 2 2 3
36.6852 8.09734 8.09734 2 2 3
37.1536 8.15168 8.15168 2 2 3
37.6219 8.20617 8.20617 2 2 3
38.09 8.26079 8.26079 2 2 3
38.558 8.31555 8.31555 2 2 3
39.0258 8.37044 8.37044 2 2 3
39.4936 8.42545 8.42545 2 2 3
39.9612 8.48058 8.48058 2 2 3
40.4288 8.53582 8.53582 2 2 3
40.8962 8.59117 8.59117 2 2 3
41.3635 8.64662 8.64662 2 2 3
41.8308 8.70217 8.70217 2 2 3
42.298 8.75782 8.75782 2 2 3
42.7651 8.81357 8.81357 2 2 3
43.2321 8.8694 8.8694 2 2 3
43.699 8.92531 8.92531 2 2 3
44.1659 8.98131 8.98131 2 2 3
44.6327 9.03738 9.03738 2 2 3
45.0995 9.09354 9.09354 2 2 3
45.5661 9.14976 9.14976 2 2 3
46.0328 9.20606 9.20606 2 2 3
46.4994 9.26242 9.26242 2 2 3
46.9659 9.31886 9.31886 2 2 3
47.4324 9.37535 9.37535 2 2 3
47.8988 9.43191 9.43191 2 2 3
48.3652 9.48852 9.48852 2 2 3
48.8315 9.5452 9.5452 2 2 3
49.2978 9.60193 9.60193 2 2 3
49.7641 9.65871 9.65871 2 2 3
50.2303 9.71555 9.71555 2 2 3
50.6965 9.77243 9.77243 2 2 3
51.1626 9.82937 9.82937 2 2 3
51.6288 9.88635 9.88635 2 2 3
52.0949 9.94338 9.94338 2 2 3
52.5609 10.0005 10.0005 2 2 3
53.027 10.0576 10.0576 2 2 3
53.493 10.1147 10.1147 2 2 3
53.959 10.1719 10.1719 2 2 3
54.4249 10.2292 10.2292 2 2 3
54.8909 10.2864 10.2864 2 2 3
55.3568 10.3438 10.3438 2 2 3
55.8227 10.4011 10.4011 2 2 3
56.2886 10.4585 10.4585 2 2 3
56.7545 10.5159 10.5159 2 2 3
57.2203 10.5734 10.5734 2 2 3
57.6861 10.6309 10.6309 2 2 3
58.152 10.6884 10.6884 2 2 3
58.6178 10.7459 10.7459 2 2 3
59.0835 10.8035 10.8035 2 2 3
59.5493 10.8611 10.8611 2 2 3
60.0151 10.9187 10.9187 2 2 3
60.4808 10.9764 10.9764 2 2 3
60.9466 11.0341 11.0341 2 2 3
61.4123 11.0918 11.0918 2 2 3
61.878 11.1495 11.1495 2 2 3
62.3437 11.2073 11.2073 2 2 3
62.8094 11.2651 11.2651 2 2 3
63.2751 11.3229 11.3229 2 2 3
63.7408 11.3807 11.3807 2 2 3
64.2065 11.4386 11.4386 2 2 3
64.6722 11.4965 11.4965 2 2 3
65.1378 11.5544 11.5544 2 2 3
65.6035 11.6123 11.6123 2 2 3
66.0691 11.6702 11.6702 2 2 3
66.5348 11.7282 11.7282 2 2 3
67.0004 11.7862 11.7862 2 2 3
67.4661 11.8442 11.8442 2 2 3
67.9317 11.9022 11.9022 2 2 3
68.3973 11.9602 11.9602 2 2 3
68.863 12.0183 12.0183 2 2 3
69.3286 12.0763 12.0763 2 2 3
69.7942 12.1344 12.1344 2 2 3
70.2598 12.1925 12.1925 2 2 3
4.00836 12.1925 12.1925 2 3 4
4.00836 12.1925 12.1925 2 3 4
4.00836 12.1925 12.1925 2 3 4
4.00836 12.1925 12.1925 2 3 4
4.00836 12.1925 12.1925 2 3 4
4.00836 50.5 50.5 2 3 4
4.00852 50.4914 50.4914 2 3 4
4.00883 50.4742 50.4742 2 3 4
4.00947 50.4397 50.4397 2 3 4
4.01074 50.3709 50.3709 2 3 4
4.01329 50.2331 50.2331 2 3 4
4.01732 50.0178 50.0178 2 3 4
4.02139 49.8026 49.8026 2 3 4
4.0255 49.5873 49.5873 2 3 4
4.02966 49.3721 49.3721 2 3 4
4.03386 49.1568 49.1568 2 3 4
4.03811 48.9416 48.9416 2 3 4
4.0424 48.7263 48.7263 2 3 4
4.04674 48.511 48.511 2 3 4
4.05113 48.2958 48.2958 2 3 4
4.05557 48.0805 48.0805 2 3 4
4.06005 47.8652 47.8652 2 3 4
4.06459 47.6499 47.6499 2 3 4
4.06918 47.4347 47.4347 2 3 4
4.07381 47.2194 47.2194 2 3 4
4.07851 47.0041 47.0041 2 3 4
4.08325 46.7888 46.7888 2 3 4
4.08805 46.5735 46.5735 2 3 4
4.09291 46.3582 46.3582 2 3 4
4.09782 46.1429 46.1429 2 3 4
4.10279 45.9276 45.9276 2 3 4
4.10782 45.7123 45.7123 2 3 4
4.11291 45.4969 45.4969 2 3 4
4.11806 45.2816 45.2816 2 3 4
4.12327 45.0663 45.0663 2 3 4
4.12854 44.8509 44.8509 2 3 4
4.13388 44.6356 44.6356 2 3 4
4.13928 44.4203 44.4203 2 3 4
4.14475 44.2049 44.2049 2 3 4
4.15028 43.9895 43.9895 2 3 4
4.15589 43.7742 43.7742 2 3 4
4.16156 43.5588 43.5588 2 3 4
4.16731 43.3434 43.3434 2 3 4
4.17313 43.128 43.128 2 3 4
4.17902 42.9126 42.9126 2 3 4
4.18499 42.6972 42.6972 2 3 4
4.19103 42.4818 42.4818 2 3 4
4.19715 42.2664 42.2664 2 3 4
4.20336 42.051 42.051 2 3 4
4.20964 41.8355 41.8355 2 3 4
4.21601 41.6201 41.6201 2 3 4
4.22246 41.4046 41.4046 2 3 4
4.229 41.1892 41.1892 2 3 4
4.23562 40.9737 40.9737 2 3 4
4.24234 40.7582 40.7582 2 3 4
4.24914 40.5427 40.5427 2 3 4
4.25605 40.3272 40.3272 2 3 4
4.26304 40.1117 40.1117 2 3 4
4.27013 39.8961 39.8961 2 3 4
4.27733 39.6806 39.6806 2 3 4
4.28462 39.465 39.465 2 3 4
4.29202 39.2495 39.2495 2 3 4
4.29952 39.0339 39.0339 2 3 4
4.30713 38.8183 38.8183 2 3 4
4.31485 38.6027 38.6027 2 3 4
4.32269 38.387 38.387 2 3 4
4.33064 38.1714 38.1714 2 3 4
4.3387 37.9557 37.9557 2 3 4
4.34689 37.74 37.74 2 3 4
4.3552 37.5244 37.5244 2 3 4
4.36364 37.3086 37.3086 2 3 4
4.3722 37.0929 37.0929 2 3 4
4.3809 36.8772 36.8772 2 3 4
4.38973 36.6614 36.6614 2 3 4
4.3987 36.4456 36.4456 2 3 4
4.4078 36.2298 36.2298 2 3 4
4.41706 36.014 36.014 2 3 4
4.42646 35.7981 35.7981 2 3 4
4.43601 35.5823 35.5823 2 3 4
4.44572 35.3664 35.3664 2 3 4
4.45558 35.1505 35.1505 2 3 4
4.46561 34.9345 34.9345 2 3 4
4.4758 34.7186 34.7186 2 3 4
4.48616 34.5026 34.5026 2 3 4
4.4967 34.2866 34.2866 2 3 4
4.50742 34.0705 34.0705 2 3 4
4.51832 33.8545 33.8545 2 3 4
4.52941 33.6384 33.6384 2 3 4
4.54069 33.4222 33.4222 2 3 4
4.55217 33.2061 33.2061 2 3 4
4.56385 32.9899 32.9899 2 3 4
4.57574 32.7737 32.7737 2 3 4
4.58785 32.5575 32.5575 2 3 4
4.60017 32.3412 32.3412 2 3 4
4.61272 32.1249 32.1249 2 3 4
4.62551 31.9085 31.9085 2 3 4
4.63853 31.6921 31.6921 2 3 4
4.6518 31.4757 31.4757 2 3 4
4.66532 31.2592 31.2592 2 3 4
4.6791 31.0427 31.0427 2 3 4
4.69314 30.8262 30.8262 2 3 4
4.70746 30.6096 30.6096 2 3 4
4.72206 30.393 30.393 2 3 4
4.73696 30.1763 30.1763 2 3 4
4.75215 29.9596 29.9596 2 3 4
4.76765 29.7429 29.7429 2 3 4
4.78347 29.5261 29.5261 2 3 4
4.79962 29.3092 29.3092 2 3 4
4.8161 29.0923 29.0923 2 3 4
4.83293 28.8754 28.8754 2 3 4
4.85012 28.6583 28.6583 2 3 4
4.86769 28.4413 28.4413 2 3 4
4.88563 28.2242 28.2242 2 3 4
4.90397 28.007 28.007 2 3 4
4.92272 27.7898 27.7898 2 3 4
4.94189 27.5725 27.5725 2 3 4
4.9615 27.3551 27.3551 2 3 4
4.98156 27.1377 27.1377 2 3 4
5.00208 26.9202 26.9202 2 3 4
5.02309 26.7027 26.7027 2 3 4
5.0446 26.4851 26.4851 2 3 4
5.06662 26.2674 26.2674 2 3 4
5.08918 26.0497 26.0497 2 3 4
5.1123 25.8318 25.8318 2 3 4
5.136 25.6139 25.6139 2 3 4
5.16029 25.396 25.396 2 3 4
5.18521 25.1779 25.1779 2 3 4
5.21077 24.9598 24.9598 2 3 4
5.237 24.7416 24.7416 2 3 4
5.26393 24.5233 24.5233 2 3 4
5.29158 24.3049 24.3049 2 3 4
5.31999 24.0865 24.0865 2 3 4
5.34918 23.8679 23.8679 2 3 4
5.37919 23.6493 23.6493 2 3 4
5.41006 23.4306 23.4306 2 3 4
5.44181 23.2117 23.2117 2 3 4
5.47449 22.9928 22.9928 2 3 4
5.50815 22.7738 22.7738 2 3 4
5.54281 22.5547 22.5547 2 3 4
5.57854 22.3355 22.3355 2 3 4
5.61537 22.1162 22.1162 2 3 4
5.65337 21.8968 21.8968 2 3 4
5.69258 21.6773 21.6773 2 3 4
5.73307 21.4577 21.4577 2 3 4
5.77489 21.238 21.238 2 3 4
5.81813 21.0182 21.0182 2 3 4
5.86284 20.7983 20.7983 2 3 4
5.90911 20.5783 20.5783 2 3 4
5.95702 20.3582 20.3582 2 3 4
6.00666 20.1381 20.1381 2 3 4
6.05812 19.9178 19.9178 2 3 4
6.1115 19.6974 19.6974 2 3 4
6.16693 19.477 19.477 2 3 4
6.22451 19.2564 19.2564 2 3 4
6.28438 19.0358 19.0358 2 3 4
6.34667 18.8151 18.8151 2 3 4
6.41153 18.5944 18.5944 2 3 4
6.47914 18.3736 18.3736 2 3 4
6.54967 18.1528 18.1528 2 3 4
6.62331 17.932 17.932 2 3 4
6.70027 17.7112 17.7112 2 3 4
6.78079 17.4903 17.4903 2 3 4
6.86512 17.2696 17.2696 2 3 4
6.95354 17.0489 17.0489 2 3 4
7.04635 16.8283 16.8283 2 3 4
7.14389 16.6079 16.6079 2 3 4
7.24653 16.3876 16.3876 2 3 4
7.35468 16.1677 16.1677 2 3 4
7.46879 15.948 15.948 2 3 4
7.58935 15.7288 15.7288 2 3 4
7.71693 15.5101 15.5101 2 3 4
7.85213 15.292 15.292 2 3 4
7.99563 15.0747 15.0747 2 3 4
8.14819 14.8584 14.8584 2 3 4
8.31062 14.6432 14.6432 2 3 4
8.48384 14.4294 14.4294 2 3 4
8.66885 14.2173 14.2173 2 3 4
8.86673 14.0073 14.0073 2 3 4
9.07863 13.7998 13.7998 2 3 4
9.30579 13.5953 13.5953 2 3 4
9.54944 13.3945 13.3945 2 3 4
9.81086 13.1981 13.1981 2 3 4
10.0912 13.0069 13.0069 2 3 4
10.3915 12.8218 12.8218 2 3 4
10.7125 12.644 12.644 2 3 4
11.0546 12.4745 12.4745 2 3 4
11.4177 12.3145 12.3145 2 3 4
11.8011 12.1648 12.1648 2 3 4
12.2036 12.0264 12.0264 2 3 4
12.6237 11.9 11.9 2 3 4
13.0591 11.7857 11.7857 2 3 4
13.5078 11.6836 11.6836 2 3 4
13.9674 11.5935 11.5935 2 3 4
14.4359 11.5149 11.5149 2 3 4
14.9114 11.4471 11.4471 2 3 4
15.3922 11.3894 11.3894 2 3 4
15.8771 11.3411 11.3411 2 3 4
16.3648 11.3012 11.3012 2 3 4
16.8546 11.2691 11.2691 2 3 4
17.3458 11.2441 11.2441 2 3 4
17.8377 11.2255 11.2255 2 3 4
18.3301 11.2127 11.2127 2 3 4
18.8226 11.2051 11.2051 2 3 4
19.315 11.2023 11.2023 2 3 4
19.8071 11.2038 11.2038 2 3 4
20.2988 11.2093 11.2093 2 3 4
20.79 11.2183 11.2183 2 3 4
21.2806 11.2306 11.2306 2 3 4
21.7707 11.246 11.246 2 3 4
22.2601 11.264 11.264 2 3 4
22.749 11.2846 11.2846 2 3 4
23.2372 11.3075 11.3075 2 3 4
23.7248 11.3325 11.3325 2 3 4
24.2118 11.3595 11.3595 2 3 4
24.6982 11.3884 11.3884 2 3 4
25.1841 11.4189 11.4189 2 3 4
25.6694 11.451 11.451 2 3 4
26.1542 11.4845 11.4845 2 3 4
26.6385 11.5194 11.5194 2 3 4
27.1222 11.5556 11.5556 2 3 4
27.6055 11.593 11.593 2 3 4
28.0884 11.6314 11.6314 2 3 4
28.5708 11.6709 11.6709 2 3 4
29.0528 11.7114 11.7114 2 3 4
29.5344 11.7528 11.7528 2 3 4
30.0157 11.795 11.795 2 3 4
30.4966 11.8381 11.8381 2 3 4
30.9771 11.8819 11.8819 2 3 4
31.4573 11.9265 11.9265 2 3 4
31.9372 11.9717 11.9717 2 3 4
32.4168 12.0176 12.0176 2 3 4
32.8961 12.064 12.064 2 3 4
33.3751 12.1111 12.1111 2 3 4
33.8539 12.1587 12.1587 2 3 4
34.3324 12.2068 12.2068 2 3 4
34.8107 12.2554 12.2554 2 3 4
35.2888 12.3045 12.3045 2 3 4
35.7666 12.354 12.354 2 3 4
36.2442 12.4039 12.4039 2 3 4
36.7216 12.4543 12.4543 2 3 4
37.1989 12.505 12.505 2 3 4
37.6759 12.5561 12.5561 2 3 4
38.1528 12.6076 12.6076 2 3 4
38.6295 12.6594 12.6594 2 3 4
39.106 12.7115 12.7115 2 3 4
39.5824 12.7639 12.7639 2 3 4
40.0587 12.8166 12.8166 2 3 4
40.5348 12.8696 12.8696 2 3 4
41.0107 12.9228 12.9228 2 3 4
41.4866 12.9763 12.9763 2 3 4
41.9623 13.0301 13.0301 2 3 4
42.4378 13.0841 13.0841 2 3 4
42.9133 13.1383 13.1383 2 3 4
43.3887 13.1928 13.1928 2 3 4
43.8639 13.2474 13.2474 2 3 4
44.3391 13.3023 13.3023 2 3 4
44.8141 13.3573 13.3573 2 3 4
45.2891 13.4126 13.4126 2 3 4
45.7639 13.468 13.468 2 3 4
46.2387 13.5236 13.5236 2 3 4
46.7134 13.5793 13.5793 2 3 4
47.188 13.6352 13.6352 2 3 4
47.6625 13.6913 13.6913 2 3 4
48.137 13.7476 13.7476 2 3 4
48.6114 13.8039 13.8039 2 3 4
49.0857 13.8604 13.8604 2 3 4
49.5599 13.9171 13.9171 2 3 4
50.0341 13.9739 13.9739 2 3 4
50.5082 14.0308 14.0308 2 3 4
50.9823 14.0878 14.0878 2 3 4
51.4563 14.1449 14.1449 2 3 4
51.9302 14.2022 14.2022 2 3 4
52.4041 14.2595 14.2595 2 3 4
52.8779 14.317 14.317 2 3 4
53.3517 14.3746 14.3746 2 3 4
53.8254 14.4323 14.4323 2 3 4
54.2991 14.49 14.49 2 3 4
54.7728 14.5479 14.5479 2 3 4
55.2464 14.6059 14.6059 2 3 4
55.7199 14.6639 14.6639 2 3 4
56.1934 14.7221 14.7221 2 3 4
56.6669 14.7803 14.7803 2 3 4
57.1403 14.8386 14.8386 2 3 4
57.6137 14.8969 14.8969 2 3 4
58.0871 14.9554 14.9554 2 3 4
58.5604 15.0139 15.0139 2 3 4
59.0337 15.0725 15.0725 2 3 4
59.507 15.1312 15.1312 2 3 4
59.9802 15.1899 15.1899 2 3 4
60.4534 15.2487 15.2487 2 3 4
60.9266 15.3076 15.3076 2 3 4
61.3997 15.3665 15.3665 2 3 4
61.8729 15.4255 15.4255 2 3 4
62.346 15.4845 15.4845 2 3 4
62.819 15.5436 15.5436 2 3 4
63.2921 15.6028 15.6028 2 3 4
63.7651 15.662 15.662 2 3 4
64.2381 15.7212 15.7212 2 3 4
64.711 15.7806 15.7806 2 3 4
65.184 15.8399 15.8399 2 3 4
65.6569 15.8993 15.8993 2 3 4
66.1298 15.9588 15.9588 2 3 4
66.6027 16.0183 16.0183 2 3 4
67.0756 16.0779 16.0779 2 3 4
67.5484 16.1374 16.1374 2 3 4
68.0213 16.1971 16.1971 2 3 4
68.4941 16.2568 16.2568 2 3 4
68.9669 16.3165 16.3165 2 3 4
69.4397 16.3762 16.3762 2 3 4
69.9124 16.436 16.436 2 3 4
70.3852 16.4959 16.4959 2 3 4
4.00836 16.4959 16.4959 2 4 4
4.00836 16.4959 16.4959 2 4 4
4.00836 16.4959 16.4959 2 4 4
4.00836 16.4959 16.4959 2 4 4
4.00836 16.4959 16.4959 2 4 4
4.00836 50.5 50.5 2 4 4
4.0082 50.5086 50.5086 2 4 4
4.00788 50.5259 50.5259 2 4 4
4.00725 50.5603 50.5603 2 4 4
4.00599 50.6292 50.6292 2 4 4
4.00349 50.7669 50.7669 2 4 4
3.9996 50.9822 50.9822 2 4 4
3.99576 51.1974 51.1974 2 4 4
3.99196 51.4126 51.4126 2 4 4
3.98819 51.6279 51.6279 2 4 4
3.98447 51.8431 51.8431 2 4 4
3.98078 52.0583 52.0583 2 4 4
3.97712 52.2736 52.2736 2 4 4
3.97351 52.4888 52.4888 2 4 4
3.96993 52.7041 52.7041 2 4 4
3.96638 52.9193 52.9193 2 4 4
3.96287 53.1345 53.1345 2 4 4
3.9594 53.3498 53.3498 2 4 4
3.95596 53.565 53.565 2 4 4
3.95255 53.7802 53.7802 2 4 4
3.94917 53.9954 53.9954 2 4 4
3.94583 54.2107 54.2107 2 4 4
3.94252 54.4259 54.4259 2 4 4
3.93924 54.6412 54.6412 2 4 4
3.93599 54.8564 54.8564 2 4 4
3.93277 55.0716 55.0716 2 4 4
3.92959 55.2868 55.2868 2 4 4
3.92643 55.5021 55.5021 2 4 4
3.9233 55.7173 55.7173 2 4 4
3.9202 55.9325 55.9325 2 4 4
3.91713 56.1477 56.1477 2 4 4
3.91409 56.363 56.363 2 4 4
3.91107 56.5782 56.5782 2 4 4
3.90808 56.7934 56.7934 2 4 4
3.90512 57.0087 57.0087 2 4 4
3.90219 57.2239 57.2239 2 4 4
3.89928 57.4391 57.4391 2 4 4
3.8964 57.6543 57.6543 2 4 4
3.89354 57.8696 57.8696 2 4 4
3.89071 58.0848 58.0848 2 4 4
3.8879 58.3001 58.3001 2 4 4
3.88512 58.5153 58.5153 2 4 4
3.88236 58.7307 58.7307 2 4 4
3.87963 58.9458 58.9458 2 4 4
3.87692 59.161 59.161 2 4 4
3.87424 59.3762 59.3762 2 4 4
3.87158 59.5913 59.5913 2 4 4
3.86893 59.8068 59.8068 2 4 4
3.86632 60.0221 60.0221 2 4 4
3.86372 60.2373 60.2373 2 4 4
3.86115 60.4521 60.4521 2 4 4
3.85861 60.666 60.666 2 4 4
3.85733 60.7748 60.7748 2 4 4
3.85543 60.9371 60.9371 2 4 4
3.85292 61.1527 61.1527 2 4 4
3.85232 61.2052 61.2052 2 4 4
3.85138 61.2865 61.2865 2 4 4
3.85044 61.3677 61.3677 2 4 4
3.84904 61.4897 61.4897 2 4 4
3.84828 61.5566 61.5566 2 4 4
3.84816 61.567 61.567 2 4 4
3.84809 61.5734 61.5734 2 4 4
3.84807 61.5751 61.5751 2 4 4
3.84807 61.5751 61.5751 2 4 4
